[{"images_truth": {"c_id": 54138969, "s_id": 6, "frame": 340, "height": 256, "width": 256, "R": [[-0.9149503344107554, 0.07174776353922047, -0.3971374371533953], [0.4034864343564006, 0.1822275975157708, -0.896655898321083], [0.008036345687245266, -0.9806351824867137, -0.19567845056940925]], "video": "Walking 1.54138969.mp4", "filename": "human36m_train_0000167841.jpg", "id": 167841}, "worker_exp": 0, "hit_id": 1, "assignment_id": "3X65QVEQI1083OVV99J5LW2IP1FLC7", "trials": [{"img_id": 167841, "depth": {"keypoint_comparisons_unsure": [], "keypoint_comparisons_res": {"0,5": 1, "0,4": -1, "0,3": 1, "0,2": -1, "1,4": -1, "1,2": 1, "10,12": -1, "12,9": 1, "6,8": -1, "1,12": -1, "5,4": -1, "12,1": 1, "2,4": -1, "2,7": 1, "12,2": 1, "2,1": -1, "2,0": 1, "6,7": 1, "12,6": -1, "4,3": 1, "9,7": -1, "4,1": 1, "4,0": 1, "4,5": 1, "6,12": 1, "3,4": -1, "3,5": 1, "5,0": -1, "2,12": -1, "3,0": -1, "11,7": -1, "7,6": -1, "11,5": -1, "11,9": -1, "10,9": 1, "12,7": 1, "5,3": -1, "8,7": 1, "8,6": 1, "10,0": 1, "10,7": -1, "7,10": 1, "10,5": 1, "7,8": -1, "4,2": 1, "7,12": -1, "12,4": 1, "7,11": 1, "5,10": -1, "5,11": 1, "5,9": 1, "9,5": -1, "10,2": -1, "9,10": -1, "9,11": 1, "9,12": -1, "12,11": 1, "7,9": 1, "0,10": -1, "10,3": 1, "3,10": -1, "2,10": 1, "11,12": -1, "12,10": 1, "7,2": -1, "4,12": -1}, "keypoint_comparisons_order": ["1,2", "0,2", "4,5", "3,5", "3,4", "0,5", "0,3", "0,4", "2,4", "1,4", "7,8", "7,6", "8,6", "9,10", "11,12", "11,9", "12,9", "12,10", "7,11", "7,9", "7,10", "7,12", "6,12", "5,11", "5,9", "5,10", "3,10", "0,10", "2,10", "2,7", "2,12", "1,12", "4,12"]}, "kpts_relative_depth": [11, 9, 5, 3, 0, 10, 7, 2, 1, 4, 12, 6, 8], "response_time": 132238, "human_subj_id": 167841}], "hit_comment": "", "annotations_truth": {"kpts_relative_depth": [11, 0, 6, 9, 7, 1, 8, 4, 2, 3, 5, 10, 12], "i_id": 167841, "s_id": 6, "a_id": 22, "kpts_depth": [5669.106053654846, 5832.962651705077, 5856.287270324069, 5922.904782481254, 5849.921636011776, 5937.922620106331, 5689.577848216801, 5766.4679610723015, 5844.314067755155, 5693.524645050621, 5962.778528261685, 5585.070422644331, 6175.742487886698], "kpts_2d": [137, 21, 160, 51, 127, 47, 173, 85, 105, 78, 176, 118, 89, 104, 157, 106, 123, 102, 146, 168, 134, 159, 136, 228, 148, 202], "id": 167841, "kpts_3d": [-1054.3973560735335, 5669.106053654846, 45.208051485552915, -908.5822392866046, 5832.962651705077, -180.06948177468848, -1169.8150302962092, 5856.287270324069, -152.15190545419102, -824.3755729732377, 5922.904782481254, -454.316907395842, -1347.8690688178772, 5849.921636011776, -395.01243758307874, -805.3115400817087, 5937.922620106331, -711.0775492453622, -1436.4187751932152, 5689.577848216801, -575.8350556826995, -930.2052823802409, 5766.4679610723015, -600.3668766334027, -1203.4158138244366, 5844.314067755155, -575.2672913320067, -1011.4024057711994, 5693.524645050621, -1073.9028307074254, -1151.6462777197162, 5962.778528261685, -1044.1202392041498, -1084.853407173844, 5585.070422644331, -1515.816433162923, -1089.3975297706265, 6175.742487886698, -1448.1269783553757]}, "human_subj_ids": [167841], "worker_id": "A10443E11ZWEHJ", "hit_it": 3542, "gui_rating": -1, "response_time": 132378}, {"images_truth": {"c_id": 54138969, "s_id": 6, "frame": 340, "height": 256, "width": 256, "R": [[-0.9149503344107554, 0.07174776353922047, -0.3971374371533953], [0.4034864343564006, 0.1822275975157708, -0.896655898321083], [0.008036345687245266, -0.9806351824867137, -0.19567845056940925]], "video": "Walking 1.54138969.mp4", "filename": "human36m_train_0000167841.jpg", "id": 167841}, "worker_exp": 19, "hit_id": 1, "assignment_id": "3SLE99ER0OQ9Y8KTAAEJIR7YMSMBZE", "trials": [{"img_id": 167841, "depth": {"keypoint_comparisons_unsure": [], "keypoint_comparisons_res": {"0,5": -1, "5,1": 1, "0,3": -1, "0,2": 1, "0,1": -1, "3,0": 1, "1,5": -1, "1,2": 1, "1,3": -1, "1,0": 1, "3,1": 1, "12,9": 0, "6,8": -1, "2,9": 1, "5,4": 1, "4,11": 1, "9,11": 1, "2,5": -1, "2,4": 1, "2,7": 1, "12,2": -1, "2,1": -1, "2,0": -1, "2,3": -1, "12,6": 0, "4,3": -1, "4,2": -1, "9,4": 1, "11,9": -1, "4,7": -1, "6,10": -1, "4,5": -1, "6,12": 0, "3,4": 1, "5,3": 0, "5,0": 1, "2,12": 1, "11,6": -1, "11,7": -1, "3,2": 1, "12,4": 1, "10,9": 1, "10,8": 0, "6,7": 0, "8,7": 1, "8,6": 1, "10,7": 1, "10,6": 1, "12,7": 0, "7,8": -1, "8,10": 0, "9,7": 0, "7,12": 0, "7,10": -1, "7,11": 1, "10,12": 1, "4,6": -1, "4,9": -1, "4,12": -1, "10,2": 0, "9,10": -1, "6,11": 1, "9,12": 0, "9,2": -1, "12,10": -1, "7,4": 1, "12,11": 1, "6,9": 0, "9,6": 0, "6,2": -1, "3,5": 0, "7,6": 0, "6,4": 1, "7,9": 0, "8,2": 0, "5,2": 1, "2,10": 0, "2,6": 1, "11,12": -1, "11,4": -1, "7,2": -1, "2,8": 0}, "keypoint_comparisons_order": ["1,2", "0,2", "0,1", "4,5", "4,3", "5,3", "2,4", "2,5", "0,5", "1,5", "7,8", "7,6", "8,6", "9,10", "11,12", "11,9", "12,9", "7,11", "7,12", "7,10", "8,10", "4,11", "4,12", "2,12", "2,10"]}, "kpts_relative_depth": [11, 4, 12, 9, 7, 6, 10, 8, 2, 0, 1, 5, 3], "response_time": 62610, "human_subj_id": 167841}], "hit_comment": "", "annotations_truth": {"kpts_relative_depth": [11, 0, 6, 9, 7, 1, 8, 4, 2, 3, 5, 10, 12], "i_id": 167841, "s_id": 6, "a_id": 22, "kpts_depth": [5669.106053654846, 5832.962651705077, 5856.287270324069, 5922.904782481254, 5849.921636011776, 5937.922620106331, 5689.577848216801, 5766.4679610723015, 5844.314067755155, 5693.524645050621, 5962.778528261685, 5585.070422644331, 6175.742487886698], "kpts_2d": [137, 21, 160, 51, 127, 47, 173, 85, 105, 78, 176, 118, 89, 104, 157, 106, 123, 102, 146, 168, 134, 159, 136, 228, 148, 202], "id": 167841, "kpts_3d": [-1054.3973560735335, 5669.106053654846, 45.208051485552915, -908.5822392866046, 5832.962651705077, -180.06948177468848, -1169.8150302962092, 5856.287270324069, -152.15190545419102, -824.3755729732377, 5922.904782481254, -454.316907395842, -1347.8690688178772, 5849.921636011776, -395.01243758307874, -805.3115400817087, 5937.922620106331, -711.0775492453622, -1436.4187751932152, 5689.577848216801, -575.8350556826995, -930.2052823802409, 5766.4679610723015, -600.3668766334027, -1203.4158138244366, 5844.314067755155, -575.2672913320067, -1011.4024057711994, 5693.524645050621, -1073.9028307074254, -1151.6462777197162, 5962.778528261685, -1044.1202392041498, -1084.853407173844, 5585.070422644331, -1515.816433162923, -1089.3975297706265, 6175.742487886698, -1448.1269783553757]}, "human_subj_ids": [167841], "worker_id": "ARHQJIHB826ZO", "hit_it": 2407, "gui_rating": 10, "response_time": 62922}, {"images_truth": {"c_id": 54138969, "s_id": 6, "frame": 340, "height": 256, "width": 256, "R": [[-0.9149503344107554, 0.07174776353922047, -0.3971374371533953], [0.4034864343564006, 0.1822275975157708, -0.896655898321083], [0.008036345687245266, -0.9806351824867137, -0.19567845056940925]], "video": "Walking 1.54138969.mp4", "filename": "human36m_train_0000167841.jpg", "id": 167841}, "worker_exp": 4, "hit_id": 1, "assignment_id": "3TMFV4NEP9RM2FHHWBA2SLNFXL38WU", "trials": [{"img_id": 167841, "depth": {"keypoint_comparisons_unsure": [], "keypoint_comparisons_res": {"1,8": 0, "1,7": 0, "1,5": -1, "1,2": 0, "1,0": 1, "9,8": -1, "5,8": 0, "11,9": -1, "3,8": 0, "3,4": 1, "5,3": 0, "5,0": 1, "3,7": 0, "11,6": 0, "5,7": 0, "3,2": 1, "3,12": 0, "5,12": 0, "4,8": -1, "11,12": -1, "0,10": -1, "10,12": -1, "12,9": 1, "6,8": -1, "12,1": 1, "12,3": 0, "12,2": 1, "12,5": 0, "6,4": -1, "6,7": -1, "6,11": 0, "8,9": 1, "8,7": 0, "8,6": 1, "8,5": 0, "8,4": 1, "8,3": 0, "8,2": 0, "8,1": 0, "8,0": 1, "5,1": 1, "12,11": 1, "12,10": 1, "5,2": 1, "3,5": 0, "11,4": -1, "0,7": -1, "0,5": -1, "0,4": 1, "0,3": -1, "0,2": -1, "0,1": -1, "3,0": 1, "0,8": -1, "1,10": 0, "1,12": -1, "2,8": 0, "2,5": -1, "2,7": 0, "5,4": 1, "2,1": 0, "2,0": 1, "2,3": -1, "4,3": -1, "4,0": -1, "4,7": -1, "4,6": 1, "4,5": -1, "2,10": 0, "4,9": 0, "2,12": -1, "8,12": 0, "8,10": 0, "7,12": 0, "7,10": 0, "6,9": -1, "12,8": 0, "4,11": 1, "4,10": -1, "7,8": 0, "9,7": -1, "9,4": 0, "7,0": 1, "7,1": 0, "7,2": 0, "7,3": 0, "7,4": 1, "7,5": 0, "7,6": 1, "10,9": 1, "10,8": 0, "12,7": 0, "10,2": 0, "10,1": 0, "10,0": 1, "10,7": 0, "10,4": 1, "9,6": 1, "7,9": 1, "9,10": -1, "9,11": 1, "9,12": -1}, "keypoint_comparisons_order": ["1,2", "0,2", "4,5", "4,3", "5,3", "0,4", "0,5", "2,5", "7,8", "6,8", "9,10", "11,12", "11,9", "12,9", "12,10", "6,11", "6,9", "8,9", "8,10", "8,12", "4,11", "4,9", "4,10", "0,10", "2,10", "2,12", "5,12"]}, "kpts_relative_depth": [11, 6, 9, 4, 0, 10, 2, 1, 12, 8, 7, 5, 3], "response_time": 76352, "human_subj_id": 167841}], "hit_comment": "", "annotations_truth": {"kpts_relative_depth": [11, 0, 6, 9, 7, 1, 8, 4, 2, 3, 5, 10, 12], "i_id": 167841, "s_id": 6, "a_id": 22, "kpts_depth": [5669.106053654846, 5832.962651705077, 5856.287270324069, 5922.904782481254, 5849.921636011776, 5937.922620106331, 5689.577848216801, 5766.4679610723015, 5844.314067755155, 5693.524645050621, 5962.778528261685, 5585.070422644331, 6175.742487886698], "kpts_2d": [137, 21, 160, 51, 127, 47, 173, 85, 105, 78, 176, 118, 89, 104, 157, 106, 123, 102, 146, 168, 134, 159, 136, 228, 148, 202], "id": 167841, "kpts_3d": [-1054.3973560735335, 5669.106053654846, 45.208051485552915, -908.5822392866046, 5832.962651705077, -180.06948177468848, -1169.8150302962092, 5856.287270324069, -152.15190545419102, -824.3755729732377, 5922.904782481254, -454.316907395842, -1347.8690688178772, 5849.921636011776, -395.01243758307874, -805.3115400817087, 5937.922620106331, -711.0775492453622, -1436.4187751932152, 5689.577848216801, -575.8350556826995, -930.2052823802409, 5766.4679610723015, -600.3668766334027, -1203.4158138244366, 5844.314067755155, -575.2672913320067, -1011.4024057711994, 5693.524645050621, -1073.9028307074254, -1151.6462777197162, 5962.778528261685, -1044.1202392041498, -1084.853407173844, 5585.070422644331, -1515.816433162923, -1089.3975297706265, 6175.742487886698, -1448.1269783553757]}, "human_subj_ids": [167841], "worker_id": "A2EJ5X447UP3EN", "hit_it": 1622, "gui_rating": 10, "response_time": 76407}, {"images_truth": {"c_id": 60457274, "s_id": 6, "frame": 920, "height": 256, "width": 256, "R": [[0.9182950552949388, -0.015534985886560007, 0.395591779027787], [-0.3850769011116475, -0.26706146429979655, 0.8833990913037544], [0.09192372735651859, -0.9635542737695438, -0.25122338635033875]], "video": "Walking 1.60457274.mp4", "filename": "human36m_train_0000571749.jpg", "id": 571749}, "worker_exp": 0, "hit_id": 3, "assignment_id": "3S0TNUHWKUVNT9HQFG5C0XYUQ3M8D6", "trials": [{"img_id": 571749, "depth": {"keypoint_comparisons_unsure": [], "keypoint_comparisons_res": {"0,6": -1, "6,5": 1, "0,4": -1, "0,2": -1, "0,1": 1, "1,6": -1, "7,4": 0, "1,4": -1, "1,5": 1, "1,2": -1, "1,3": 1, "1,0": -1, "3,1": -1, "12,9": 1, "6,8": -1, "5,4": -1, "4,11": -1, "6,0": 1, "6,1": 1, "2,4": 0, "2,7": 0, "2,6": 0, "12,5": -1, "2,0": 1, "6,7": -1, "12,6": -1, "4,3": 1, "4,2": 0, "4,1": 1, "4,0": 1, "6,11": -1, "6,10": 1, "4,5": 1, "6,12": 1, "3,4": -1, "2,1": 1, "3,6": -1, "5,1": -1, "5,6": -1, "11,7": 1, "7,6": 1, "6,4": 0, "10,9": 1, "5,3": -1, "8,7": 0, "8,6": 1, "8,4": 0, "2,11": -1, "10,6": -1, "10,5": 0, "11,6": 1, "7,8": 0, "8,11": -1, "6,3": 1, "12,10": 1, "7,11": -1, "5,10": 0, "11,8": 1, "5,12": 1, "10,12": -1, "5,9": 1, "9,5": -1, "9,10": -1, "4,7": 0, "9,12": -1, "4,6": 0, "12,11": -1, "6,9": 1, "9,6": -1, "6,2": 0, "4,8": 0, "8,2": 0, "11,2": 1, "3,5": 1, "11,12": 1, "11,4": 1, "7,2": 0, "2,8": 0}, "keypoint_comparisons_order": ["1,2", "1,0", "2,0", "4,5", "3,5", "3,4", "1,5", "1,3", "1,4", "0,4", "2,4", "7,8", "6,8", "9,10", "11,12", "9,12", "10,12", "6,9", "6,10", "6,12", "6,11", "8,11", "5,9", "5,10", "5,12", "5,6", "3,6", "1,6", "0,6", "4,6", "4,8", "4,11"]}, "kpts_relative_depth": [9, 10, 12, 5, 3, 1, 0, 6, 8, 7, 4, 2, 11], "response_time": 187013, "human_subj_id": 571749}], "hit_comment": "", "annotations_truth": {"kpts_relative_depth": [6, 4, 2, 0, 10, 8, 9, 1, 12, 7, 5, 3, 11], "i_id": 571749, "s_id": 6, "a_id": 22, "kpts_depth": [4095.3903289766513, 4180.358473796866, 4081.5015890484283, 4337.897261794445, 4074.220347762251, 4317.6948298444, 4010.60135556272, 4269.650789827509, 4146.676049739219, 4150.1923292406445, 4112.453930106827, 4433.030801797826, 4232.707885141652], "kpts_2d": [112, 21, 134, 49, 100, 58, 157, 75, 91, 96, 167, 105, 86, 130, 144, 107, 108, 106, 149, 167, 114, 167, 134, 195, 112, 215], "id": 571749, "kpts_3d": [-994.4972068428552, 4095.3903289766513, 122.78175314872828, -834.8633600576121, 4180.358473796866, -72.57548200358565, -1068.141779464619, 4081.5015890484283, -156.44141893153414, -662.7301879913849, 4337.897261794445, -261.9103740617388, -1126.1673182003096, 4074.220347762251, -452.557984458972, -569.2407832479126, 4317.6948298444, -502.2571921060288, -1133.2458798386547, 4010.60135556272, -702.2368137510211, -747.3044176051328, 4269.650789827509, -520.6450233635036, -1005.4036395866126, 4146.676049739219, -520.5749321904929, -662.2718650823259, 4150.1923292406445, -984.8617197518097, -933.0289366065572, 4112.453930106827, -999.9753377977629, -822.9344025697064, 4433.030801797826, -1311.4117886380927, -968.3963237878271, 4232.707885141652, -1443.6296336435853]}, "human_subj_ids": [571749], "worker_id": "A2QKM3JUFWBSMO", "hit_it": 39986, "gui_rating": 10, "response_time": 187104}, {"images_truth": {"c_id": 60457274, "s_id": 6, "frame": 920, "height": 256, "width": 256, "R": [[0.9182950552949388, -0.015534985886560007, 0.395591779027787], [-0.3850769011116475, -0.26706146429979655, 0.8833990913037544], [0.09192372735651859, -0.9635542737695438, -0.25122338635033875]], "video": "Walking 1.60457274.mp4", "filename": "human36m_train_0000571749.jpg", "id": 571749}, "worker_exp": 1, "hit_id": 3, "assignment_id": "34Z02EIMITQCS98K62SCCMAYAS10TZ", "trials": [{"img_id": 571749, "depth": {"keypoint_comparisons_unsure": [], "keypoint_comparisons_res": {"0,7": -1, "0,4": -1, "0,1": -1, "1,7": -1, "1,4": -1, "1,2": -1, "10,12": 0, "1,0": 1, "12,9": 1, "6,8": 1, "3,5": 0, "5,4": 1, "4,11": -1, "12,0": 0, "2,5": 1, "2,4": 0, "2,7": 1, "2,6": 0, "2,1": 1, "6,4": 0, "2,3": 1, "4,3": -1, "9,7": -1, "4,1": 1, "4,0": 1, "6,11": -1, "4,6": 0, "4,5": -1, "3,4": 1, "5,3": 0, "7,2": -1, "4,8": 1, "7,4": -1, "11,7": 1, "3,2": -1, "11,5": 0, "10,9": 1, "7,0": 1, "2,11": -1, "6,7": 1, "8,7": 1, "8,6": -1, "10,0": 0, "10,7": -1, "8,2": -1, "12,7": -1, "11,6": 1, "7,8": -1, "8,11": -1, "0,10": 0, "4,2": 0, "7,12": 1, "7,10": 1, "7,11": -1, "11,8": 1, "10,11": -1, "5,11": 0, "7,1": 1, "0,9": 1, "9,10": -1, "4,7": 1, "9,12": -1, "12,10": 0, "3,11": 0, "12,11": -1, "7,9": 1, "8,4": -1, "6,2": 0, "9,0": -1, "7,6": -1, "11,2": 1, "5,2": -1, "11,3": 0, "11,10": 1, "0,12": 0, "11,12": 1, "11,4": 1, "2,8": 1}, "keypoint_comparisons_order": ["1,2", "1,0", "4,5", "4,3", "5,3", "0,4", "1,4", "2,4", "2,5", "7,8", "7,6", "8,6", "9,10", "11,12", "9,12", "10,12", "10,11", "7,9", "7,12", "7,11", "8,11", "6,11", "0,9", "0,12", "0,7", "1,7", "4,7", "4,8", "4,6", "4,11", "5,11"]}, "kpts_relative_depth": [9, 12, 10, 0, 1, 7, 8, 6, 4, 11, 5, 3, 2], "response_time": 255083, "human_subj_id": 571749}], "hit_comment": "", "annotations_truth": {"kpts_relative_depth": [6, 4, 2, 0, 10, 8, 9, 1, 12, 7, 5, 3, 11], "i_id": 571749, "s_id": 6, "a_id": 22, "kpts_depth": [4095.3903289766513, 4180.358473796866, 4081.5015890484283, 4337.897261794445, 4074.220347762251, 4317.6948298444, 4010.60135556272, 4269.650789827509, 4146.676049739219, 4150.1923292406445, 4112.453930106827, 4433.030801797826, 4232.707885141652], "kpts_2d": [112, 21, 134, 49, 100, 58, 157, 75, 91, 96, 167, 105, 86, 130, 144, 107, 108, 106, 149, 167, 114, 167, 134, 195, 112, 215], "id": 571749, "kpts_3d": [-994.4972068428552, 4095.3903289766513, 122.78175314872828, -834.8633600576121, 4180.358473796866, -72.57548200358565, -1068.141779464619, 4081.5015890484283, -156.44141893153414, -662.7301879913849, 4337.897261794445, -261.9103740617388, -1126.1673182003096, 4074.220347762251, -452.557984458972, -569.2407832479126, 4317.6948298444, -502.2571921060288, -1133.2458798386547, 4010.60135556272, -702.2368137510211, -747.3044176051328, 4269.650789827509, -520.6450233635036, -1005.4036395866126, 4146.676049739219, -520.5749321904929, -662.2718650823259, 4150.1923292406445, -984.8617197518097, -933.0289366065572, 4112.453930106827, -999.9753377977629, -822.9344025697064, 4433.030801797826, -1311.4117886380927, -968.3963237878271, 4232.707885141652, -1443.6296336435853]}, "human_subj_ids": [571749], "worker_id": "A2RXPHOE9V9634", "hit_it": 23815, "gui_rating": 10, "response_time": 255307}, {"images_truth": {"c_id": 54138969, "s_id": 8, "frame": 200, "height": 256, "width": 256, "R": [[-0.9115694669712032, 0.060907749548984036, -0.4066095829302534], [0.4106494283805017, 0.1834736632003901, -0.8931430243150292], [0.020202818036194434, -0.9811359034082424, -0.19226072190306673]], "video": "Phoning 1.54138969.mp4", "filename": "human36m_train_0000545232.jpg", "id": 545232}, "worker_exp": 10, "hit_id": 4, "assignment_id": "3GLB5JMZFY82MON8YEH0SAFSENHDGB", "trials": [{"img_id": 545232, "depth": {"keypoint_comparisons_unsure": [], "keypoint_comparisons_res": {"0,5": 0, "2,12": 1, "0,3": 0, "0,2": 1, "0,1": 1, "9,8": 0, "3,0": 0, "1,4": 0, "7,6": 0, "1,2": 0, "1,3": -1, "1,0": -1, "12,9": -1, "6,8": 0, "1,12": 1, "8,10": 0, "5,4": 1, "4,11": 1, "4,10": 1, "12,1": -1, "2,4": 0, "12,2": -1, "2,1": 0, "2,0": -1, "2,3": -1, "12,6": -1, "4,3": -1, "9,7": 0, "4,1": 0, "4,7": 1, "6,10": 0, "4,5": -1, "6,12": 1, "3,4": 1, "5,3": 1, "5,0": 0, "4,8": 1, "7,4": -1, "3,1": 1, "3,2": 1, "12,4": -1, "10,9": 0, "10,8": 0, "11,4": -1, "6,7": 0, "8,9": 0, "8,7": 0, "8,6": 0, "10,1": -1, "8,4": -1, "10,7": 0, "10,6": 0, "12,7": -1, "10,4": -1, "8,12": 1, "8,11": 1, "7,8": 0, "4,2": 0, "7,12": 1, "7,10": 0, "9,4": -1, "10,12": 1, "10,11": 1, "10,2": -1, "9,10": 0, "11,8": -1, "1,10": 1, "4,6": 1, "12,11": 0, "6,9": 0, "9,6": 0, "3,5": -1, "12,8": -1, "6,4": -1, "7,9": 0, "9,12": 1, "2,10": 1, "11,10": -1, "11,12": 0, "12,10": -1, "4,9": 1, "4,12": 1}, "keypoint_comparisons_order": ["1,2", "0,2", "4,5", "4,3", "5,3", "2,4", "2,3", "0,3", "0,5", "7,8", "6,8", "9,10", "11,12", "10,12", "8,12", "8,10", "4,12", "4,10"]}, "kpts_relative_depth": [12, 11, 10, 9, 8, 7, 6, 4, 2, 1, 3, 5, 0], "response_time": 127690, "human_subj_id": 545232}], "hit_comment": "", "annotations_truth": {"kpts_relative_depth": [11, 9, 7, 3, 1, 12, 2, 8, 4, 10, 0, 5, 6], "i_id": 545232, "s_id": 8, "a_id": 32, "kpts_depth": [5230.261779461944, 5041.431438918389, 5092.865357180629, 5031.880366926763, 5120.777524109531, 5243.630784615256, 5283.175713974307, 5023.861631239736, 5110.889234296324, 5022.086320889519, 5136.763800947406, 4961.603302651363, 5069.603729335683], "kpts_2d": [127, 21, 106, 50, 150, 52, 91, 87, 165, 88, 110, 83, 141, 87, 109, 116, 148, 113, 112, 176, 148, 171, 117, 235, 154, 229], "id": 545232, "kpts_3d": [-282.955755898233, 5230.261779461944, 44.44950510007823, -426.6910415415351, 5041.431438918389, -168.0975959181286, -109.4903581918043, 5092.865357180629, -174.8265285717423, -533.2710128175413, 5031.880366926763, -437.4551403578872, 2.9097636325710274, 5120.777524109531, -440.9864871515383, -413.5894958902342, 5243.630784615256, -420.48177549621926, -178.98661155026295, 5283.175713974307, -447.95331024318557, -395.1097617891334, 5023.861631239736, -642.033166040625, -115.41940099198433, 5110.889234296324, -623.8810757096061, -372.9993798120853, 5022.086320889519, -1092.7558959777666, -107.32022115035092, 5136.763800947406, -1074.1908691701876, -331.24901940857876, 4961.603302651363, -1525.4598500976476, -52.619534783294775, 5069.603729335683, -1504.3052256988685]}, "human_subj_ids": [545232], "worker_id": "A2QKM3JUFWBSMO", "hit_it": 7771, "gui_rating": 10, "response_time": 127781}, {"images_truth": {"c_id": 54138969, "s_id": 8, "frame": 200, "height": 256, "width": 256, "R": [[-0.9115694669712032, 0.060907749548984036, -0.4066095829302534], [0.4106494283805017, 0.1834736632003901, -0.8931430243150292], [0.020202818036194434, -0.9811359034082424, -0.19226072190306673]], "video": "Phoning 1.54138969.mp4", "filename": "human36m_train_0000545232.jpg", "id": 545232}, "worker_exp": 7, "hit_id": 4, "assignment_id": "39OWYR0EPL4Z6ZM4JQYWNAPHVZJYF7", "trials": [{"img_id": 545232, "depth": {"keypoint_comparisons_unsure": [], "keypoint_comparisons_res": {"1,8": 0, "1,9": 0, "1,6": -1, "1,7": 0, "1,4": 0, "1,5": -1, "1,2": 0, "1,3": 0, "1,0": 0, "7,6": -1, "11,8": 0, "11,9": 0, "3,8": 0, "3,9": 0, "3,4": 0, "5,3": 1, "5,0": 1, "3,7": 0, "3,0": 0, "11,7": 0, "3,2": 0, "3,12": 0, "3,10": 0, "3,11": 0, "11,12": 0, "3,5": -1, "5,2": 1, "11,10": 0, "0,12": 0, "0,11": 0, "0,10": 0, "2,8": 0, "3,6": -1, "10,12": 0, "10,11": 0, "12,9": 0, "6,8": 1, "12,1": 0, "12,0": 0, "12,3": 0, "12,2": 0, "6,5": 0, "12,4": 0, "6,7": 1, "12,6": -1, "11,1": 0, "2,6": -1, "6,11": 1, "6,10": 1, "6,12": 1, "8,9": 0, "8,7": 0, "8,6": -1, "8,4": 0, "8,3": 0, "8,2": 0, "8,1": 0, "8,0": 0, "5,1": 1, "3,1": 0, "5,6": 0, "12,11": 0, "12,10": 0, "11,2": 0, "11,3": 0, "11,0": 0, "0,7": 0, "0,6": -1, "0,5": -1, "0,4": 0, "0,3": 0, "0,2": 0, "0,1": 0, "11,6": -1, "0,9": 0, "0,8": 0, "1,10": 0, "1,11": 0, "1,12": 0, "2,9": 0, "11,4": 0, "2,5": -1, "2,4": 0, "2,7": 0, "5,4": 1, "2,1": 0, "2,0": 0, "2,3": 0, "4,3": 0, "4,2": 0, "4,1": 0, "4,0": 0, "4,7": 0, "4,6": -1, "4,5": -1, "2,11": 0, "2,10": 0, "4,9": 0, "4,8": 0, "8,12": 0, "8,11": 0, "8,10": 0, "7,12": 0, "7,10": 0, "7,11": 0, "6,9": 1, "12,8": 0, "2,12": 0, "4,10": 0, "6,1": 1, "4,12": 0, "4,11": 0, "6,0": 1, "6,3": 1, "7,8": 0, "9,7": 0, "9,4": 0, "6,2": 1, "9,2": 0, "9,3": 0, "9,0": 0, "9,1": 0, "7,0": 0, "7,1": 0, "7,2": 0, "7,3": 0, "7,4": 0, "9,8": 0, "6,4": 1, "10,9": 0, "10,8": 0, "12,7": 0, "10,3": 0, "10,2": 0, "10,1": 0, "10,0": 0, "10,7": 0, "10,6": -1, "10,4": 0, "9,6": -1, "7,9": 0, "9,10": 0, "9,11": 0, "9,12": 0}, "keypoint_comparisons_order": ["1,2", "0,2", "4,5", "4,3", "5,3", "2,4", "2,5", "7,8", "6,8", "9,10", "11,12", "10,12", "8,12", "4,12", "4,6", "5,6"]}, "kpts_relative_depth": [12, 11, 10, 9, 8, 7, 4, 3, 2, 1, 0, 6, 5], "response_time": 133010, "human_subj_id": 545232}], "hit_comment": "Thank you", "annotations_truth": {"kpts_relative_depth": [11, 9, 7, 3, 1, 12, 2, 8, 4, 10, 0, 5, 6], "i_id": 545232, "s_id": 8, "a_id": 32, "kpts_depth": [5230.261779461944, 5041.431438918389, 5092.865357180629, 5031.880366926763, 5120.777524109531, 5243.630784615256, 5283.175713974307, 5023.861631239736, 5110.889234296324, 5022.086320889519, 5136.763800947406, 4961.603302651363, 5069.603729335683], "kpts_2d": [127, 21, 106, 50, 150, 52, 91, 87, 165, 88, 110, 83, 141, 87, 109, 116, 148, 113, 112, 176, 148, 171, 117, 235, 154, 229], "id": 545232, "kpts_3d": [-282.955755898233, 5230.261779461944, 44.44950510007823, -426.6910415415351, 5041.431438918389, -168.0975959181286, -109.4903581918043, 5092.865357180629, -174.8265285717423, -533.2710128175413, 5031.880366926763, -437.4551403578872, 2.9097636325710274, 5120.777524109531, -440.9864871515383, -413.5894958902342, 5243.630784615256, -420.48177549621926, -178.98661155026295, 5283.175713974307, -447.95331024318557, -395.1097617891334, 5023.861631239736, -642.033166040625, -115.41940099198433, 5110.889234296324, -623.8810757096061, -372.9993798120853, 5022.086320889519, -1092.7558959777666, -107.32022115035092, 5136.763800947406, -1074.1908691701876, -331.24901940857876, 4961.603302651363, -1525.4598500976476, -52.619534783294775, 5069.603729335683, -1504.3052256988685]}, "human_subj_ids": [545232], "worker_id": "A12MV66U9VGLQ1", "hit_it": 19801, "gui_rating": 10, "response_time": 133088}, {"images_truth": {"c_id": 54138969, "s_id": 8, "frame": 200, "height": 256, "width": 256, "R": [[-0.9115694669712032, 0.060907749548984036, -0.4066095829302534], [0.4106494283805017, 0.1834736632003901, -0.8931430243150292], [0.020202818036194434, -0.9811359034082424, -0.19226072190306673]], "video": "Phoning 1.54138969.mp4", "filename": "human36m_train_0000545232.jpg", "id": 545232}, "worker_exp": 9, "hit_id": 4, "assignment_id": "3KWTYT0871GN43MGUZWX7QW8XQ2L5K", "trials": [{"img_id": 545232, "depth": {"keypoint_comparisons_unsure": [], "keypoint_comparisons_res": {"12,5": -1, "0,4": 1, "0,3": -1, "0,2": -1, "9,8": -1, "3,0": 1, "7,6": -1, "1,2": 1, "1,3": -1, "3,1": 1, "12,9": -1, "6,8": 1, "8,10": 1, "5,4": 1, "4,11": -1, "2,1": -1, "2,0": 1, "2,3": -1, "4,3": -1, "11,8": -1, "4,0": -1, "4,5": -1, "3,4": 1, "5,3": 1, "11,0": 1, "11,1": 1, "5,6": 1, "5,7": 1, "3,2": 1, "11,5": -1, "11,9": -1, "10,9": 1, "10,8": -1, "6,7": 1, "8,9": 1, "8,7": -1, "8,6": -1, "8,5": -1, "2,11": -1, "10,5": -1, "3,11": -1, "8,12": 1, "8,11": 1, "7,8": 1, "7,5": -1, "5,10": 1, "5,11": 1, "5,12": 1, "5,9": 1, "9,5": -1, "6,5": -1, "9,10": -1, "9,11": 1, "9,12": 1, "1,11": -1, "11,12": -1, "5,8": 1, "12,11": 1, "3,5": -1, "12,8": -1, "11,2": 1, "11,3": 1, "0,11": -1, "11,4": 1}, "keypoint_comparisons_order": ["1,2", "0,2", "4,5", "4,3", "5,3", "0,4", "0,3", "2,3", "1,3", "7,8", "6,8", "6,7", "9,10", "11,12", "11,9", "12,9", "8,11", "8,12", "8,9", "8,10", "4,11", "0,11", "2,11", "1,11", "3,11", "5,11", "5,12", "5,9", "5,10", "5,8", "5,7", "5,6"]}, "kpts_relative_depth": [4, 0, 2, 1, 3, 11, 12, 9, 10, 8, 7, 6, 5], "response_time": 55914, "human_subj_id": 545232}], "hit_comment": "", "annotations_truth": {"kpts_relative_depth": [11, 9, 7, 3, 1, 12, 2, 8, 4, 10, 0, 5, 6], "i_id": 545232, "s_id": 8, "a_id": 32, "kpts_depth": [5230.261779461944, 5041.431438918389, 5092.865357180629, 5031.880366926763, 5120.777524109531, 5243.630784615256, 5283.175713974307, 5023.861631239736, 5110.889234296324, 5022.086320889519, 5136.763800947406, 4961.603302651363, 5069.603729335683], "kpts_2d": [127, 21, 106, 50, 150, 52, 91, 87, 165, 88, 110, 83, 141, 87, 109, 116, 148, 113, 112, 176, 148, 171, 117, 235, 154, 229], "id": 545232, "kpts_3d": [-282.955755898233, 5230.261779461944, 44.44950510007823, -426.6910415415351, 5041.431438918389, -168.0975959181286, -109.4903581918043, 5092.865357180629, -174.8265285717423, -533.2710128175413, 5031.880366926763, -437.4551403578872, 2.9097636325710274, 5120.777524109531, -440.9864871515383, -413.5894958902342, 5243.630784615256, -420.48177549621926, -178.98661155026295, 5283.175713974307, -447.95331024318557, -395.1097617891334, 5023.861631239736, -642.033166040625, -115.41940099198433, 5110.889234296324, -623.8810757096061, -372.9993798120853, 5022.086320889519, -1092.7558959777666, -107.32022115035092, 5136.763800947406, -1074.1908691701876, -331.24901940857876, 4961.603302651363, -1525.4598500976476, -52.619534783294775, 5069.603729335683, -1504.3052256988685]}, "human_subj_ids": [545232], "worker_id": "ABZD7CRM46SN", "hit_it": 4931, "gui_rating": -1, "response_time": 56181}, {"images_truth": {"c_id": 55011271, "s_id": 1, "frame": 1480, "height": 256, "width": 256, "R": [[0.9281683400814921, 0.08166409428175585, -0.3630902204349604], [0.3721538354721445, -0.1977722953267526, 0.9068559102440474], [0.002248380248018696, -0.976840363061605, -0.21395758897485287]], "video": "SittingDown.55011271.mp4", "filename": "human36m_train_0000708787.jpg", "id": 708787}, "worker_exp": 40, "hit_id": 2, "assignment_id": "3OONKJ5DKDWXZ46M81322T0U2N8BOZ", "trials": [{"img_id": 708787, "depth": {"keypoint_comparisons_unsure": [], "keypoint_comparisons_res": {"0,7": 0, "0,6": 1, "0,5": 1, "0,4": -1, "0,3": -1, "0,2": -1, "0,1": -1, "1,4": 0, "1,2": 0, "1,3": 0, "1,0": 1, "3,1": 0, "12,9": -1, "6,8": -1, "5,4": -1, "6,0": -1, "2,4": 0, "2,1": 0, "2,0": 1, "2,3": 0, "4,3": 0, "4,2": 0, "4,1": 0, "4,0": 1, "4,5": 1, "3,4": 0, "3,5": 1, "5,0": -1, "3,0": 1, "11,7": -1, "3,2": 0, "11,5": 0, "11,9": 0, "10,9": 0, "12,5": -1, "6,7": 1, "8,7": 1, "8,6": 1, "10,7": -1, "12,7": -1, "8,0": 0, "7,8": -1, "9,7": -1, "7,12": 1, "7,5": 1, "7,10": 1, "7,11": 1, "5,10": 0, "5,11": 0, "5,12": 1, "10,12": 1, "5,9": 0, "9,5": 0, "10,11": 0, "9,10": 0, "9,11": 0, "9,12": 1, "0,8": 0, "12,11": -1, "12,10": -1, "7,6": -1, "7,9": 1, "7,0": 0, "10,5": 0, "5,3": -1, "11,10": 0, "11,12": 1, "5,7": -1}, "keypoint_comparisons_order": ["1,2", "0,2", "4,5", "3,5", "3,4", "0,5", "0,4", "2,4", "7,8", "7,6", "8,6", "9,10", "11,12", "10,12", "10,11", "7,12", "7,11", "5,12", "5,11", "5,7", "0,7", "0,6", "0,8"]}, "kpts_relative_depth": [12, 11, 10, 9, 5, 7, 6, 8, 0, 4, 3, 2, 1], "response_time": 85337, "human_subj_id": 708787}], "hit_comment": "", "annotations_truth": {"kpts_relative_depth": [9, 5, 12, 0, 10, 1, 3, 11, 6, 7, 2, 8, 4], "i_id": 708787, "s_id": 1, "a_id": 17, "kpts_depth": [5293.961941581448, 5363.62825163499, 5497.743323416237, 5385.997491654662, 5620.522177344394, 5160.3292767746525, 5450.348108262831, 5456.202186440321, 5608.607188909878, 5024.521842123559, 5342.449959812131, 5405.194182551856, 5258.585351754668], "kpts_2d": [140, 22, 191, 80, 127, 68, 217, 148, 118, 126, 191, 168, 70, 147, 199, 183, 140, 165, 186, 197, 47, 166, 130, 212, 150, 236], "id": 708787, "kpts_3d": [165.89774973460922, 5293.961941581448, -843.8654500097631, 356.4011204420699, 5363.62825163499, -1067.53277214829, 126.35956955088974, 5497.743323416237, -1049.311016341245, 457.98039630429867, 5385.997491654662, -1325.0599897705201, 98.91726742316973, 5620.522177344394, -1297.3861523021458, 348.0168485921367, 5160.3292767746525, -1341.3962980262017, -81.99575519264488, 5450.348108262831, -1336.2739969355694, 398.3212447226087, 5456.202186440321, -1476.7243773590549, 183.2495344655747, 5608.607188909878, -1445.0719735108653, 324.1709904217001, 5024.521842123559, -1409.9799385070357, -164.89677035484013, 5342.449959812131, -1380.3921479166347, 139.54075795355675, 5405.194182551856, -1574.6470162475512, 209.64791264495537, 5258.585351754668, -1622.2268186153397]}, "human_subj_ids": [708787], "worker_id": "A1KSJZHZHJ20AX", "hit_it": 3626, "gui_rating": 10, "response_time": 85430}, {"images_truth": {"c_id": 55011271, "s_id": 1, "frame": 1480, "height": 256, "width": 256, "R": [[0.9281683400814921, 0.08166409428175585, -0.3630902204349604], [0.3721538354721445, -0.1977722953267526, 0.9068559102440474], [0.002248380248018696, -0.976840363061605, -0.21395758897485287]], "video": "SittingDown.55011271.mp4", "filename": "human36m_train_0000708787.jpg", "id": 708787}, "worker_exp": 2, "hit_id": 2, "assignment_id": "3KB8R4ZV1FK97RPOKIQUXKRSB2SBGP", "trials": [{"img_id": 708787, "depth": {"keypoint_comparisons_unsure": [], "keypoint_comparisons_res": {"0,7": -1, "0,6": 0, "0,5": 1, "0,4": -1, "0,3": -1, "5,3": -1, "0,1": -1, "11,6": 0, "1,4": -1, "1,2": -1, "1,3": -1, "1,0": 1, "0,8": -1, "12,9": 0, "6,8": -1, "5,4": -1, "6,0": 0, "2,4": 0, "2,1": 1, "11,10": 0, "2,3": 0, "12,6": -1, "4,3": 0, "4,2": 0, "11,8": -1, "4,0": 1, "6,11": 0, "6,10": 0, "4,5": 1, "6,12": 1, "3,4": 0, "7,1": 1, "5,0": -1, "4,8": 1, "7,4": -1, "3,1": 1, "3,2": 0, "11,5": 1, "11,9": 1, "10,9": 1, "10,8": -1, "12,5": 0, "6,7": -1, "1,7": -1, "8,7": 0, "8,6": 1, "1,8": -1, "10,0": 0, "8,3": -1, "10,6": 0, "10,5": 1, "3,0": 1, "7,8": 0, "8,11": 1, "8,10": 1, "0,10": 0, "5,10": -1, "4,1": 1, "5,12": 0, "5,11": -1, "5,9": 0, "9,11": -1, "9,5": 0, "6,5": 1, "10,11": 0, "9,10": -1, "4,7": 1, "9,12": 0, "11,12": 1, "5,6": -1, "12,11": -1, "6,9": 1, "8,4": -1, "7,6": 1, "3,8": 1, "8,2": -1, "7,0": 1, "8,1": 1, "3,5": 1, "9,6": -1, "0,11": 0, "8,0": 1, "11,0": 0, "2,8": 1}, "keypoint_comparisons_order": ["1,2", "1,0", "4,5", "3,5", "3,4", "0,5", "0,4", "1,4", "2,4", "7,8", "6,8", "9,10", "11,12", "9,12", "9,11", "10,11", "6,12", "6,11", "5,12", "5,11", "0,11", "0,8", "1,8", "4,8"]}, "kpts_relative_depth": [12, 9, 5, 11, 10, 6, 0, 1, 8, 7, 4, 3, 2], "response_time": 231649, "human_subj_id": 708787}], "hit_comment": "", "annotations_truth": {"kpts_relative_depth": [9, 5, 12, 0, 10, 1, 3, 11, 6, 7, 2, 8, 4], "i_id": 708787, "s_id": 1, "a_id": 17, "kpts_depth": [5293.961941581448, 5363.62825163499, 5497.743323416237, 5385.997491654662, 5620.522177344394, 5160.3292767746525, 5450.348108262831, 5456.202186440321, 5608.607188909878, 5024.521842123559, 5342.449959812131, 5405.194182551856, 5258.585351754668], "kpts_2d": [140, 22, 191, 80, 127, 68, 217, 148, 118, 126, 191, 168, 70, 147, 199, 183, 140, 165, 186, 197, 47, 166, 130, 212, 150, 236], "id": 708787, "kpts_3d": [165.89774973460922, 5293.961941581448, -843.8654500097631, 356.4011204420699, 5363.62825163499, -1067.53277214829, 126.35956955088974, 5497.743323416237, -1049.311016341245, 457.98039630429867, 5385.997491654662, -1325.0599897705201, 98.91726742316973, 5620.522177344394, -1297.3861523021458, 348.0168485921367, 5160.3292767746525, -1341.3962980262017, -81.99575519264488, 5450.348108262831, -1336.2739969355694, 398.3212447226087, 5456.202186440321, -1476.7243773590549, 183.2495344655747, 5608.607188909878, -1445.0719735108653, 324.1709904217001, 5024.521842123559, -1409.9799385070357, -164.89677035484013, 5342.449959812131, -1380.3921479166347, 139.54075795355675, 5405.194182551856, -1574.6470162475512, 209.64791264495537, 5258.585351754668, -1622.2268186153397]}, "human_subj_ids": [708787], "worker_id": "AJY3XF4GQ0P5H", "hit_it": 27660, "gui_rating": -1, "response_time": 231821}, {"images_truth": {"c_id": 55011271, "s_id": 1, "frame": 1480, "height": 256, "width": 256, "R": [[0.9281683400814921, 0.08166409428175585, -0.3630902204349604], [0.3721538354721445, -0.1977722953267526, 0.9068559102440474], [0.002248380248018696, -0.976840363061605, -0.21395758897485287]], "video": "SittingDown.55011271.mp4", "filename": "human36m_train_0000708787.jpg", "id": 708787}, "worker_exp": 161, "hit_id": 2, "assignment_id": "3SLE99ER0OQ9Y8KTAAEJIR7YMUNBZJ", "trials": [{"img_id": 708787, "depth": {"keypoint_comparisons_unsure": [], "keypoint_comparisons_res": {"0,5": 1, "0,4": -1, "0,3": 1, "0,2": -1, "3,0": -1, "1,2": 0, "10,12": 1, "10,11": -1, "6,9": 1, "6,8": 0, "8,10": 1, "9,8": -1, "2,4": 0, "6,3": -1, "5,4": -1, "2,1": 0, "2,0": 1, "6,7": 1, "12,6": -1, "4,3": 1, "4,2": 0, "11,8": -1, "4,0": 1, "6,11": 1, "6,10": 1, "4,5": 1, "6,12": 1, "3,4": -1, "3,5": 1, "5,0": -1, "3,7": 1, "11,6": -1, "7,6": -1, "11,5": 1, "10,9": 1, "10,8": -1, "12,5": 0, "8,9": 1, "5,3": -1, "8,7": -1, "8,6": 0, "8,3": -1, "10,6": -1, "10,5": 0, "3,11": 1, "8,12": 1, "8,11": 1, "7,8": 1, "12,10": -1, "7,3": -1, "5,10": 0, "5,11": -1, "5,12": 0, "5,9": 1, "9,5": -1, "9,10": -1, "3,8": 1, "9,12": -1, "12,11": -1, "12,9": 1, "9,6": -1, "12,8": -1, "11,3": -1, "11,10": 1, "11,12": 1, "3,6": 1}, "keypoint_comparisons_order": ["1,2", "0,2", "4,5", "3,5", "3,4", "0,5", "0,3", "0,4", "2,4", "7,8", "6,8", "6,7", "9,10", "11,12", "9,12", "10,12", "10,11", "8,9", "8,12", "8,10", "8,11", "5,9", "5,12", "5,10", "5,11", "3,11", "3,8", "3,7"]}, "kpts_relative_depth": [9, 12, 10, 5, 11, 8, 7, 6, 3, 0, 4, 2, 1], "response_time": 71617, "human_subj_id": 708787}], "hit_comment": "", "annotations_truth": {"kpts_relative_depth": [9, 5, 12, 0, 10, 1, 3, 11, 6, 7, 2, 8, 4], "i_id": 708787, "s_id": 1, "a_id": 17, "kpts_depth": [5293.961941581448, 5363.62825163499, 5497.743323416237, 5385.997491654662, 5620.522177344394, 5160.3292767746525, 5450.348108262831, 5456.202186440321, 5608.607188909878, 5024.521842123559, 5342.449959812131, 5405.194182551856, 5258.585351754668], "kpts_2d": [140, 22, 191, 80, 127, 68, 217, 148, 118, 126, 191, 168, 70, 147, 199, 183, 140, 165, 186, 197, 47, 166, 130, 212, 150, 236], "id": 708787, "kpts_3d": [165.89774973460922, 5293.961941581448, -843.8654500097631, 356.4011204420699, 5363.62825163499, -1067.53277214829, 126.35956955088974, 5497.743323416237, -1049.311016341245, 457.98039630429867, 5385.997491654662, -1325.0599897705201, 98.91726742316973, 5620.522177344394, -1297.3861523021458, 348.0168485921367, 5160.3292767746525, -1341.3962980262017, -81.99575519264488, 5450.348108262831, -1336.2739969355694, 398.3212447226087, 5456.202186440321, -1476.7243773590549, 183.2495344655747, 5608.607188909878, -1445.0719735108653, 324.1709904217001, 5024.521842123559, -1409.9799385070357, -164.89677035484013, 5342.449959812131, -1380.3921479166347, 139.54075795355675, 5405.194182551856, -1574.6470162475512, 209.64791264495537, 5258.585351754668, -1622.2268186153397]}, "human_subj_ids": [708787], "worker_id": "ARHQJIHB826ZO", "hit_it": 108472, "gui_rating": 10, "response_time": 72029}, {"images_truth": {"c_id": 60457274, "s_id": 7, "frame": 2080, "height": 256, "width": 256, "R": [[0.9228353966173104, -0.01498208436370467, 0.38490306298896904], [-0.37440015452287667, -0.269786590656035, 0.8871525910436372], [0.09055029013436408, -0.9628035794752281, -0.25457791009093983]], "video": "Sitting.60457274.mp4", "filename": "human36m_train_0000877071.jpg", "id": 877071}, "worker_exp": 3, "hit_id": 6, "assignment_id": "3S4AW7T80CV58KIGGUDN2YQUXRQL4S", "trials": [{"img_id": 877071, "depth": {"keypoint_comparisons_unsure": [], "keypoint_comparisons_res": {"0,5": 1, "0,4": 1, "0,2": 0, "0,1": 0, "9,8": -1, "11,6": 0, "1,4": 1, "1,5": 1, "1,2": 0, "10,12": 0, "1,0": 0, "5,7": -1, "12,9": 0, "6,8": -1, "8,10": 1, "5,4": -1, "9,11": 0, "2,5": 1, "2,4": 1, "2,1": 0, "2,0": 0, "2,3": 1, "12,6": 0, "4,3": 0, "4,2": -1, "11,8": -1, "4,0": -1, "4,7": 0, "6,10": 0, "4,5": 1, "6,12": 0, "3,4": 0, "3,5": 1, "5,0": -1, "5,1": -1, "5,6": 0, "7,5": 1, "3,2": -1, "11,5": 0, "11,9": 0, "10,9": 0, "5,8": -1, "12,5": 0, "6,7": -1, "8,9": 1, "8,7": 0, "8,6": 1, "8,5": 1, "8,4": 0, "8,3": 0, "10,6": 0, "10,5": 0, "8,12": 1, "8,11": 1, "7,8": 0, "12,10": 0, "7,3": 0, "5,10": 0, "4,1": -1, "5,12": 0, "5,11": 0, "5,9": 0, "9,5": 0, "6,5": 0, "10,11": 0, "9,10": 0, "6,11": 0, "9,12": 0, "7,4": 0, "12,11": 0, "6,9": 0, "9,6": 0, "12,8": -1, "7,6": 1, "4,8": 0, "3,8": 0, "10,8": -1, "3,7": 0, "5,2": -1, "5,3": -1, "11,10": 0, "11,12": 0}, "keypoint_comparisons_order": ["1,2", "0,2", "4,5", "3,5", "3,4", "2,5", "2,4", "7,8", "6,8", "9,10", "11,12", "10,12", "6,12", "5,12", "5,8", "4,8"]}, "kpts_relative_depth": [12, 11, 10, 9, 6, 5, 8, 7, 4, 3, 2, 1, 0], "response_time": 53449, "human_subj_id": 877071}], "hit_comment": "", "annotations_truth": {"kpts_relative_depth": [6, 12, 5, 10, 4, 11, 9, 8, 3, 2, 0, 7, 1], "i_id": 877071, "s_id": 7, "a_id": 21, "kpts_depth": [4749.850806536616, 4812.028161670913, 4714.895122187022, 4681.728834255815, 4490.684068798648, 4443.396689249341, 4292.389489205312, 4760.249139395403, 4637.589785362065, 4542.7822672522725, 4477.520129580764, 4510.5155829656815, 4374.51164429733], "kpts_2d": [112, 21, 143, 73, 73, 68, 201, 113, 43, 113, 205, 141, 75, 146, 131, 184, 62, 189, 168, 91, 97, 84, 149, 216, 105, 213], "id": 877071, "kpts_3d": [-167.51179094290455, 4749.850806536616, -333.25533084792437, -42.63786318825229, 4812.028161670913, -513.9386966446392, -291.1361088216302, 4714.895122187022, -508.66664222969155, 173.19888441786915, 4681.728834255815, -623.823107085723, -369.80297854719873, 4490.684068798648, -648.4376232881939, 189.96783376993295, 4443.396689249341, -686.7722214102371, -240.96945001683406, 4292.389489205312, -718.0593270185553, -52.938644998187705, 4760.249139395403, -919.6970320442911, -294.4460582092478, 4637.589785362065, -936.0937461122503, 49.29091318578584, 4542.7822672522725, -542.1122376552784, -192.87794723226415, 4477.520129580764, -529.1470369098994, 24.587715469158983, 4510.5155829656815, -977.2106323980339, -127.52478583528767, 4374.51164429733, -949.7385444977646]}, "human_subj_ids": [877071], "worker_id": "A2REA18QEAUFQA", "hit_it": 31861, "gui_rating": 10, "response_time": 53632}, {"images_truth": {"c_id": 60457274, "s_id": 7, "frame": 2080, "height": 256, "width": 256, "R": [[0.9228353966173104, -0.01498208436370467, 0.38490306298896904], [-0.37440015452287667, -0.269786590656035, 0.8871525910436372], [0.09055029013436408, -0.9628035794752281, -0.25457791009093983]], "video": "Sitting.60457274.mp4", "filename": "human36m_train_0000877071.jpg", "id": 877071}, "worker_exp": 1, "hit_id": 6, "assignment_id": "340UGXU9DZE7LNOP946B2BMQN3XUVQ", "trials": [{"img_id": 877071, "depth": {"keypoint_comparisons_unsure": [], "keypoint_comparisons_res": {"0,5": 1, "0,4": 1, "0,3": 1, "0,2": 0, "0,1": 0, "3,0": -1, "1,4": 1