[{"images_truth": {"c_id": 54138969, "s_id": 9, "frame": 1920, "height": 256, "width": 256, "R": [[-0.9033486204435297, 0.04153061098352977, -0.42689164701842836], [0.4269119782787646, 0.182951140059007, -0.8855930460167476], [0.04132109321984796, -0.9822444139329296, -0.18299857527497945]], "video": "Smoking 1.54138969.mp4", "filename": "human36m_train_0000246163.jpg", "id": 246163}, "worker_exp": 1, "hit_id": 2, "assignment_id": "33LK57MYLUI8FU1VLW0E8GHYIF9SZN", "trials": [{"img_id": 246163, "depth": {"keypoint_comparisons_unsure": [], "keypoint_comparisons_res": {"7,9": 1, "3,7": -1, "5,11": 1, "10,11": -1, "6,13": 1}}, "response_time": 54095, "human_subj_id": 246163}, {"img_id": 636356, "depth": {"keypoint_comparisons_unsure": [], "keypoint_comparisons_res": {"2,10": 1, "7,10": 1, "11,13": 1, "2,9": -1, "4,7": -1}}, "response_time": 37394, "human_subj_id": 636356}, {"img_id": 611167, "depth": {"keypoint_comparisons_unsure": [], "keypoint_comparisons_res": {"2,11": -1, "1,6": -1, "1,2": -1, "10,11": 1, "3,12": -1}}, "response_time": 45965, "human_subj_id": 611167}, {"img_id": 384407, "depth": {"keypoint_comparisons_unsure": [], "keypoint_comparisons_res": {"0,13": 1, "0,6": -1, "4,12": 1, "5,7": -1, "4,6": -1}}, "response_time": 34546, "human_subj_id": 384407}, {"img_id": 114613, "depth": {"keypoint_comparisons_unsure": [], "keypoint_comparisons_res": {"0,13": -1, "3,4": 1, "5,9": -1, "1,2": 1, "0,2": 1}}, "response_time": 48873, "human_subj_id": 114613}], "hit_comment": "", "annotations_truth": {"kpts_relative_depth": [11, 1, 9, 12, 7, 0, 3, 2, 10, 8, 5, 4, 6], "i_id": 246163, "s_id": 9, "a_id": 30, "kpts_depth": [6134.418923237116, 6040.0254347531, 6191.371841103784, 6186.565839730254, 6326.634937640815, 6279.794441302562, 6397.528269337683, 6110.716330097698, 6214.384766926656, 6099.2805565617655, 6207.86441362791, 6006.065652084036, 6105.801752723245], "kpts_2d": [138, 21, 112, 52, 155, 57, 103, 84, 159, 90, 133, 87, 136, 70, 115, 114, 146, 110, 112, 175, 148, 170, 117, 235, 153, 229], "id": 246163, "kpts_3d": [-580.2310460144853, 6134.418923237116, 187.20418657529922, -760.4135182872044, 6040.0254347531, -54.1112626141562, -450.0499524214763, 6191.371841103784, -80.69551110538237, -845.4195450784381, 6186.565839730254, -297.72958113372033, -422.22968286937, 6326.634937640815, -341.97874309178883, -616.182019569086, 6279.794441302562, -322.94038729340275, -607.5503995506242, 6397.528269337683, -192.84334323761652, -733.1298253837912, 6110.716330097698, -520.226481650106, -509.2051977624646, 6214.384766926656, -489.573319495271, -743.6473105559935, 6099.2805565617655, -991.9346600711372, -474.7232757590793, 6207.86441362791, -960.3370415977838, -688.8087006694315, 6006.065652084036, -1446.709009005768, -420.95192527655047, 6105.801752723245, -1413.5057244481598]}, "human_subj_ids": [636356, 246163, 384407, 611167, 114613], "worker_id": "ACSTAXXYMBC8W", "hit_it": 13346, "gui_rating": 6, "response_time": 240105}, {"images_truth": {"c_id": 54138969, "s_id": 9, "frame": 1920, "height": 256, "width": 256, "R": [[-0.9033486204435297, 0.04153061098352977, -0.42689164701842836], [0.4269119782787646, 0.182951140059007, -0.8855930460167476], [0.04132109321984796, -0.9822444139329296, -0.18299857527497945]], "video": "Smoking 1.54138969.mp4", "filename": "human36m_train_0000246163.jpg", "id": 246163}, "worker_exp": 1, "hit_id": 2, "assignment_id": "3U5JL4WY5LM08EZ5UDGBDSLHW0L4XA", "trials": [{"img_id": 246163, "depth": {"keypoint_comparisons_unsure": [], "keypoint_comparisons_res": {"7,9": 1, "3,7": -1, "5,11": 1, "10,11": -1, "6,13": 1}}, "response_time": 59721, "human_subj_id": 246163}, {"img_id": 636356, "depth": {"keypoint_comparisons_unsure": [], "keypoint_comparisons_res": {"2,10": 1, "7,10": 1, "11,13": 1, "2,9": -1, "4,7": -1}}, "response_time": 44793, "human_subj_id": 636356}, {"img_id": 611167, "depth": {"keypoint_comparisons_unsure": [], "keypoint_comparisons_res": {"2,11": 1, "1,6": -1, "1,2": -1, "10,11": 1, "3,12": -1}}, "response_time": 43323, "human_subj_id": 611167}, {"img_id": 384407, "depth": {"keypoint_comparisons_unsure": [], "keypoint_comparisons_res": {"0,13": 1, "0,6": -1, "4,12": 1, "5,7": -1, "4,6": -1}}, "response_time": 40884, "human_subj_id": 384407}, {"img_id": 114613, "depth": {"keypoint_comparisons_unsure": [], "keypoint_comparisons_res": {"0,13": -1, "3,4": 1, "5,9": 1, "1,2": 1, "0,2": 1}}, "response_time": 43254, "human_subj_id": 114613}], "hit_comment": "", "annotations_truth": {"kpts_relative_depth": [11, 1, 9, 12, 7, 0, 3, 2, 10, 8, 5, 4, 6], "i_id": 246163, "s_id": 9, "a_id": 30, "kpts_depth": [6134.418923237116, 6040.0254347531, 6191.371841103784, 6186.565839730254, 6326.634937640815, 6279.794441302562, 6397.528269337683, 6110.716330097698, 6214.384766926656, 6099.2805565617655, 6207.86441362791, 6006.065652084036, 6105.801752723245], "kpts_2d": [138, 21, 112, 52, 155, 57, 103, 84, 159, 90, 133, 87, 136, 70, 115, 114, 146, 110, 112, 175, 148, 170, 117, 235, 153, 229], "id": 246163, "kpts_3d": [-580.2310460144853, 6134.418923237116, 187.20418657529922, -760.4135182872044, 6040.0254347531, -54.1112626141562, -450.0499524214763, 6191.371841103784, -80.69551110538237, -845.4195450784381, 6186.565839730254, -297.72958113372033, -422.22968286937, 6326.634937640815, -341.97874309178883, -616.182019569086, 6279.794441302562, -322.94038729340275, -607.5503995506242, 6397.528269337683, -192.84334323761652, -733.1298253837912, 6110.716330097698, -520.226481650106, -509.2051977624646, 6214.384766926656, -489.573319495271, -743.6473105559935, 6099.2805565617655, -991.9346600711372, -474.7232757590793, 6207.86441362791, -960.3370415977838, -688.8087006694315, 6006.065652084036, -1446.709009005768, -420.95192527655047, 6105.801752723245, -1413.5057244481598]}, "human_subj_ids": [636356, 246163, 384407, 611167, 114613], "worker_id": "ADXHWQLUQBK77", "hit_it": 8430, "gui_rating": 4, "response_time": 245121}, {"images_truth": {"c_id": 54138969, "s_id": 9, "frame": 1920, "height": 256, "width": 256, "R": [[-0.9033486204435297, 0.04153061098352977, -0.42689164701842836], [0.4269119782787646, 0.182951140059007, -0.8855930460167476], [0.04132109321984796, -0.9822444139329296, -0.18299857527497945]], "video": "Smoking 1.54138969.mp4", "filename": "human36m_train_0000246163.jpg", "id": 246163}, "worker_exp": 3, "hit_id": 2, "assignment_id": "33PPUNGG39IWEF1I6709I6C2WE5ZRN", "trials": [{"img_id": 246163, "depth": {"keypoint_comparisons_unsure": [], "keypoint_comparisons_res": {"7,9": 1, "3,7": -1, "5,11": 1, "10,11": -1, "6,13": 1}}, "response_time": 29346, "human_subj_id": 246163}, {"img_id": 636356, "depth": {"keypoint_comparisons_unsure": [], "keypoint_comparisons_res": {"2,10": 1, "7,10": 1, "11,13": -1, "2,9": 1, "4,7": -1}}, "response_time": 18270, "human_subj_id": 636356}, {"img_id": 611167, "depth": {"keypoint_comparisons_unsure": [], "keypoint_comparisons_res": {"2,11": 1, "1,6": -1, "1,2": 1, "10,11": 1, "3,12": -1}}, "response_time": 25744, "human_subj_id": 611167}, {"img_id": 384407, "depth": {"keypoint_comparisons_unsure": [], "keypoint_comparisons_res": {"0,13": -1, "0,6": -1, "4,12": 1, "5,7": -1, "4,6": -1}}, "response_time": 25556, "human_subj_id": 384407}, {"img_id": 114613, "depth": {"keypoint_comparisons_unsure": [], "keypoint_comparisons_res": {"0,13": -1, "3,4": 1, "5,9": 1, "1,2": 1, "0,2": 1}}, "response_time": 19289, "human_subj_id": 114613}], "hit_comment": "", "annotations_truth": {"kpts_relative_depth": [11, 1, 9, 12, 7, 0, 3, 2, 10, 8, 5, 4, 6], "i_id": 246163, "s_id": 9, "a_id": 30, "kpts_depth": [6134.418923237116, 6040.0254347531, 6191.371841103784, 6186.565839730254, 6326.634937640815, 6279.794441302562, 6397.528269337683, 6110.716330097698, 6214.384766926656, 6099.2805565617655, 6207.86441362791, 6006.065652084036, 6105.801752723245], "kpts_2d": [138, 21, 112, 52, 155, 57, 103, 84, 159, 90, 133, 87, 136, 70, 115, 114, 146, 110, 112, 175, 148, 170, 117, 235, 153, 229], "id": 246163, "kpts_3d": [-580.2310460144853, 6134.418923237116, 187.20418657529922, -760.4135182872044, 6040.0254347531, -54.1112626141562, -450.0499524214763, 6191.371841103784, -80.69551110538237, -845.4195450784381, 6186.565839730254, -297.72958113372033, -422.22968286937, 6326.634937640815, -341.97874309178883, -616.182019569086, 6279.794441302562, -322.94038729340275, -607.5503995506242, 6397.528269337683, -192.84334323761652, -733.1298253837912, 6110.716330097698, -520.226481650106, -509.2051977624646, 6214.384766926656, -489.573319495271, -743.6473105559935, 6099.2805565617655, -991.9346600711372, -474.7232757590793, 6207.86441362791, -960.3370415977838, -688.8087006694315, 6006.065652084036, -1446.709009005768, -420.95192527655047, 6105.801752723245, -1413.5057244481598]}, "human_subj_ids": [636356, 246163, 384407, 611167, 114613], "worker_id": "A1UNR4EL03WJCW", "hit_it": 7321, "gui_rating": 8, "response_time": 124043}, {"images_truth": {"c_id": 54138969, "s_id": 9, "frame": 1920, "height": 256, "width": 256, "R": [[-0.9033486204435297, 0.04153061098352977, -0.42689164701842836], [0.4269119782787646, 0.182951140059007, -0.8855930460167476], [0.04132109321984796, -0.9822444139329296, -0.18299857527497945]], "video": "Smoking 1.54138969.mp4", "filename": "human36m_train_0000246163.jpg", "id": 246163}, "worker_exp": 32, "hit_id": 2, "assignment_id": "3IQ1VMJRYUXP97XO0YKOASLZH7W9AD", "trials": [{"img_id": 246163, "depth": {"keypoint_comparisons_unsure": [], "keypoint_comparisons_res": {"7,9": 1, "3,7": -1, "5,11": 1, "10,11": -1, "6,13": 1}}, "response_time": 19205, "human_subj_id": 246163}, {"img_id": 636356, "depth": {"keypoint_comparisons_unsure": [], "keypoint_comparisons_res": {"2,10": 1, "7,10": 1, "11,13": -1, "2,9": -1, "4,7": -1}}, "response_time": 16267, "human_subj_id": 636356}, {"img_id": 611167, "depth": {"keypoint_comparisons_unsure": [], "keypoint_comparisons_res": {"2,11": 1, "1,6": -1, "1,2": -1, "10,11": -1, "3,12": -1}}, "response_time": 15039, "human_subj_id": 611167}, {"img_id": 384407, "depth": {"keypoint_comparisons_unsure": [], "keypoint_comparisons_res": {"0,13": 1, "0,6": -1, "4,12": 1, "5,7": -1, "4,6": -1}}, "response_time": 17354, "human_subj_id": 384407}, {"img_id": 114613, "depth": {"keypoint_comparisons_unsure": [], "keypoint_comparisons_res": {"0,13": -1, "3,4": 1, "5,9": 1, "1,2": -1, "0,2": -1}}, "response_time": 12835, "human_subj_id": 114613}], "hit_comment": "", "annotations_truth": {"kpts_relative_depth": [11, 1, 9, 12, 7, 0, 3, 2, 10, 8, 5, 4, 6], "i_id": 246163, "s_id": 9, "a_id": 30, "kpts_depth": [6134.418923237116, 6040.0254347531, 6191.371841103784, 6186.565839730254, 6326.634937640815, 6279.794441302562, 6397.528269337683, 6110.716330097698, 6214.384766926656, 6099.2805565617655, 6207.86441362791, 6006.065652084036, 6105.801752723245], "kpts_2d": [138, 21, 112, 52, 155, 57, 103, 84, 159, 90, 133, 87, 136, 70, 115, 114, 146, 110, 112, 175, 148, 170, 117, 235, 153, 229], "id": 246163, "kpts_3d": [-580.2310460144853, 6134.418923237116, 187.20418657529922, -760.4135182872044, 6040.0254347531, -54.1112626141562, -450.0499524214763, 6191.371841103784, -80.69551110538237, -845.4195450784381, 6186.565839730254, -297.72958113372033, -422.22968286937, 6326.634937640815, -341.97874309178883, -616.182019569086, 6279.794441302562, -322.94038729340275, -607.5503995506242, 6397.528269337683, -192.84334323761652, -733.1298253837912, 6110.716330097698, -520.226481650106, -509.2051977624646, 6214.384766926656, -489.573319495271, -743.6473105559935, 6099.2805565617655, -991.9346600711372, -474.7232757590793, 6207.86441362791, -960.3370415977838, -688.8087006694315, 6006.065652084036, -1446.709009005768, -420.95192527655047, 6105.801752723245, -1413.5057244481598]}, "human_subj_ids": [636356, 246163, 384407, 611167, 114613], "worker_id": "A06426751SPV6J04QBXLE", "hit_it": 4500, "gui_rating": 7, "response_time": 85665}, {"images_truth": {"c_id": 55011271, "s_id": 7, "frame": 1240, "height": 256, "width": 256, "R": [[0.9212640765077017, 0.09922277503271489, -0.3760682680727248], [0.3886011826562522, -0.1946115441987536, 0.9006194910741931], [0.01617473877914905, -0.9758489574618522, -0.21784671226815075]], "video": "Waiting 2.55011271.mp4", "filename": "human36m_train_0000636356.jpg", "id": 636356}, "worker_exp": 0, "hit_id": 2, "assignment_id": "308XBLVESJH0WHY20TK6WO5Z5BPBRZ", "trials": [{"img_id": 636356, "depth": {"keypoint_comparisons_unsure": [], "keypoint_comparisons_res": {"2,10": 1, "7,10": 1, "11,13": -1, "2,9": -1, "4,7": -1}}, "response_time": 78941, "human_subj_id": 636356}, {"img_id": 384407, "depth": {"keypoint_comparisons_unsure": [], "keypoint_comparisons_res": {"0,13": 1, "0,6": -1, "4,12": 1, "5,7": -1, "4,6": -1}}, "response_time": 33252, "human_subj_id": 384407}, {"img_id": 246163, "depth": {"keypoint_comparisons_unsure": [], "keypoint_comparisons_res": {"7,9": 1, "3,7": -1, "5,11": 1, "10,11": -1, "6,13": 1}}, "response_time": 74307, "human_subj_id": 246163}, {"img_id": 114613, "depth": {"keypoint_comparisons_unsure": [], "keypoint_comparisons_res": {"0,13": -1, "3,4": -1, "5,9": 1, "1,2": 1, "0,2": 1}}, "response_time": 44733, "human_subj_id": 114613}, {"img_id": 611167, "depth": {"keypoint_comparisons_unsure": [], "keypoint_comparisons_res": {"2,11": 1, "1,6": -1, "1,2": -1, "10,11": 1, "3,12": -1}}, "response_time": 45860, "human_subj_id": 611167}], "hit_comment": "", "annotations_truth": {"kpts_relative_depth": [11, 9, 3, 5, 7, 1, 10, 0, 8, 12, 2, 6, 4], "i_id": 636356, "s_id": 7, "a_id": 44, "kpts_depth": [6022.876052824491, 5936.017839670364, 6092.958973579218, 5813.212824281602, 6281.946710490701, 5885.440311582941, 6133.488569932014, 5916.514645256697, 6025.092697875909, 5734.232304453668, 5944.947705366299, 5643.142617414155, 6058.8755771863025], "kpts_2d": [130, 20, 147, 50, 118, 50, 147, 87, 107, 73, 132, 55, 113, 101, 149, 111, 114, 108, 136, 171, 122, 170, 132, 235, 137, 222], "id": 636356, "kpts_3d": [19.54282408766251, 6022.876052824491, -95.22673122579863, 142.7766645982147, 5936.017839670364, -294.16157322360493, -61.06085696350976, 6092.958973579218, -305.8553874421066, 146.77476845611983, 5813.212824281602, -541.3112108136833, -142.11355665667696, 6281.946710490701, -488.7271872624327, 39.336850057608856, 5885.440311582941, -329.6315382696955, -91.00985892651374, 6133.488569932014, -680.1993590790215, 161.68185264470284, 5916.514645256697, -720.9205441575381, -86.35768892106049, 6025.092697875909, -720.4820133539911, 74.14572458769878, 5734.232304453668, -1121.256121537511, -16.296963089698252, 5944.947705366299, -1156.4433360325256, 58.04559860065567, 5643.142617414155, -1547.9696728318713, 99.2818328398168, 6058.8755771863025, -1562.2412930924993]}, "human_subj_ids": [636356, 246163, 384407, 611167, 114613], "worker_id": "A3GJVWKEAVDUR6", "hit_it": 249084, "gui_rating": 6, "response_time": 431720}, {"images_truth": {"c_id": 54138969, "s_id": 9, "frame": 2200, "height": 256, "width": 256, "R": [[-0.9033486204435297, 0.04153061098352977, -0.42689164701842836], [0.4269119782787646, 0.182951140059007, -0.8855930460167476], [0.04132109321984796, -0.9822444139329296, -0.18299857527497945]], "video": "Directions 1.54138969.mp4", "filename": "human36m_train_0000233562.jpg", "id": 233562}, "worker_exp": 16, "hit_id": 1, "assignment_id": "37FMASSAYD4N3IVJA6QXIW48IDFBI0", "trials": [{"img_id": 233562, "depth": {"keypoint_comparisons_unsure": [], "keypoint_comparisons_res": {"7,12": -1, "3,8": -1, "8,10": -1, "6,11": -1, "2,8": -1}}, "response_time": 27466, "human_subj_id": 233562}, {"img_id": 69733, "depth": {"keypoint_comparisons_unsure": [], "keypoint_comparisons_res": {"2,11": 1, "1,5": 1, "0,10": 1, "5,9": -1, "9,13": 1}}, "response_time": 20522, "human_subj_id": 69733}, {"img_id": 261402, "depth": {"keypoint_comparisons_unsure": [], "keypoint_comparisons_res": {"2,5": 1, "6,9": 1, "0,11": -1, "5,6": -1, "4,5": -1}}, "response_time": 31196, "human_subj_id": 261402}, {"img_id": 277159, "depth": {"keypoint_comparisons_unsure": [], "keypoint_comparisons_res": {"5,13": -1, "2,13": 1, "2,12": 1, "2,8": 1, "3,9": 1}}, "response_time": 30690, "human_subj_id": 277159}, {"img_id": 959193, "depth": {"keypoint_comparisons_unsure": [], "keypoint_comparisons_res": {"9,10": 1, "7,8": 1, "2,9": -1, "5,7": -1, "9,11": -1}}, "response_time": 19858, "human_subj_id": 959193}], "hit_comment": "", "annotations_truth": {"kpts_relative_depth": [11, 9, 4, 3, 8, 7, 6, 2, 5, 12, 1, 10, 0], "i_id": 233562, "s_id": 9, "a_id": 15, "kpts_depth": [5321.41298170469, 5219.1923649817145, 5181.883708133753, 5154.328942061356, 5135.093100890385, 5183.968426488668, 5171.557857438951, 5169.879697514042, 5164.7435781318145, 5126.252614442106, 5278.854554497885, 5008.82691878745, 5189.388831205403], "kpts_2d": [109, 21, 84, 56, 128, 53, 70, 92, 152, 84, 79, 122, 172, 109, 93, 113, 125, 109, 97, 175, 127, 166, 103, 235, 126, 225], "id": 233562, "kpts_3d": [-264.99174975933295, 5321.41298170469, 187.9288447905085, -443.88945091993435, 5219.1923649817145, -84.45242849425108, -111.92342970996373, 5181.883708133753, -52.56787288778037, -533.5755750278498, 5154.328942061356, -360.11007034289344, 79.39642804053305, 5135.093100890385, -274.1606324809735, -461.73296726952196, 5183.968426488668, -596.82327376291, 241.1954628444374, 5171.557857438951, -459.55856630543377, -354.79355996045064, 5169.879697514042, -520.5443718288632, -110.34619906071997, 5164.7435781318145, -477.91682173683495, -313.43515020004037, 5126.252614442106, -988.1768766493947, -82.44364130144251, 5278.854554497885, -934.7955062289792, -240.8823621137758, 5008.82691878745, -1435.667992696328, -69.49826524106815, 5189.388831205403, -1393.0195797938763]}, "human_subj_ids": [69733, 233562, 277159, 261402, 959193], "worker_id": "AENJ7GDYBENYX", "hit_it": 4070, "gui_rating": 9, "response_time": 135006}, {"images_truth": {"c_id": 54138969, "s_id": 9, "frame": 2200, "height": 256, "width": 256, "R": [[-0.9033486204435297, 0.04153061098352977, -0.42689164701842836], [0.4269119782787646, 0.182951140059007, -0.8855930460167476], [0.04132109321984796, -0.9822444139329296, -0.18299857527497945]], "video": "Directions 1.54138969.mp4", "filename": "human36m_train_0000233562.jpg", "id": 233562}, "worker_exp": 7, "hit_id": 1, "assignment_id": "37W3JXSD67L1HL8Z9F8WRYBHIYFWYT", "trials": [{"img_id": 233562, "depth": {"keypoint_comparisons_unsure": [], "keypoint_comparisons_res": {"7,12": 1, "3,8": 1, "8,10": -1, "6,11": -1, "2,8": 1}}, "response_time": 38983, "human_subj_id": 233562}, {"img_id": 69733, "depth": {"keypoint_comparisons_unsure": [], "keypoint_comparisons_res": {"2,11": 1, "1,5": 1, "0,10": 1, "5,9": 1, "9,13": 1}}, "response_time": 35045, "human_subj_id": 69733}, {"img_id": 261402, "depth": {"keypoint_comparisons_unsure": [], "keypoint_comparisons_res": {"2,5": -1, "6,9": 1, "0,11": -1, "5,6": -1, "4,5": 1}}, "response_time": 36318, "human_subj_id": 261402}, {"img_id": 277159, "depth": {"keypoint_comparisons_unsure": [], "keypoint_comparisons_res": {"5,13": 1, "2,13": 1, "2,12": 1, "2,8": 1, "3,9": -1}}, "response_time": 39918, "human_subj_id": 277159}, {"img_id": 959193, "depth": {"keypoint_comparisons_unsure": [], "keypoint_comparisons_res": {"9,10": 1, "7,8": 1, "2,9": -1, "5,7": -1, "9,11": 1}}, "response_time": 35246, "human_subj_id": 959193}], "hit_comment": "", "annotations_truth": {"kpts_relative_depth": [11, 9, 4, 3, 8, 7, 6, 2, 5, 12, 1, 10, 0], "i_id": 233562, "s_id": 9, "a_id": 15, "kpts_depth": [5321.41298170469, 5219.1923649817145, 5181.883708133753, 5154.328942061356, 5135.093100890385, 5183.968426488668, 5171.557857438951, 5169.879697514042, 5164.7435781318145, 5126.252614442106, 5278.854554497885, 5008.82691878745, 5189.388831205403], "kpts_2d": [109, 21, 84, 56, 128, 53, 70, 92, 152, 84, 79, 122, 172, 109, 93, 113, 125, 109, 97, 175, 127, 166, 103, 235, 126, 225], "id": 233562, "kpts_3d": [-264.99174975933295, 5321.41298170469, 187.9288447905085, -443.88945091993435, 5219.1923649817145, -84.45242849425108, -111.92342970996373, 5181.883708133753, -52.56787288778037, -533.5755750278498, 5154.328942061356, -360.11007034289344, 79.39642804053305, 5135.093100890385, -274.1606324809735, -461.73296726952196, 5183.968426488668, -596.82327376291, 241.1954628444374, 5171.557857438951, -459.55856630543377, -354.79355996045064, 5169.879697514042, -520.5443718288632, -110.34619906071997, 5164.7435781318145, -477.91682173683495, -313.43515020004037, 5126.252614442106, -988.1768766493947, -82.44364130144251, 5278.854554497885, -934.7955062289792, -240.8823621137758, 5008.82691878745, -1435.667992696328, -69.49826524106815, 5189.388831205403, -1393.0195797938763]}, "human_subj_ids": [69733, 233562, 277159, 261402, 959193], "worker_id": "A10F0OVV7A0U74", "hit_it": 3344, "gui_rating": 7, "response_time": 192118}, {"images_truth": {"c_id": 54138969, "s_id": 9, "frame": 2200, "height": 256, "width": 256, "R": [[-0.9033486204435297, 0.04153061098352977, -0.42689164701842836], [0.4269119782787646, 0.182951140059007, -0.8855930460167476], [0.04132109321984796, -0.9822444139329296, -0.18299857527497945]], "video": "Directions 1.54138969.mp4", "filename": "human36m_train_0000233562.jpg", "id": 233562}, "worker_exp": 5, "hit_id": 1, "assignment_id": "33CUSNVVNOPBCELZY8UWE5KT7D788C", "trials": [{"img_id": 233562, "depth": {"keypoint_comparisons_unsure": [], "keypoint_comparisons_res": {"7,12": 1, "3,8": 1, "8,10": 1, "6,11": -1, "2,8": 1}}, "response_time": 14763, "human_subj_id": 233562}, {"img_id": 69733, "depth": {"keypoint_comparisons_unsure": [], "keypoint_comparisons_res": {"2,11": 1, "1,5": -1, "0,10": 1, "5,9": -1, "9,13": 1}}, "response_time": 15909, "human_subj_id": 69733}, {"img_id": 261402, "depth": {"keypoint_comparisons_unsure": [], "keypoint_comparisons_res": {"2,5": -1, "6,9": 1, "0,11": -1, "5,6": -1, "4,5": -1}}, "response_time": 18961, "human_subj_id": 261402}, {"img_id": 277159, "depth": {"keypoint_comparisons_unsure": [], "keypoint_comparisons_res": {"5,13": -1, "2,13": 1, "2,12": 1, "2,8": 1, "3,9": 1}}, "response_time": 15266, "human_subj_id": 277159}, {"img_id": 959193, "depth": {"keypoint_comparisons_unsure": [], "keypoint_comparisons_res": {"9,10": 1, "7,8": 1, "2,9": -1, "5,7": -1, "9,11": -1}}, "response_time": 14191, "human_subj_id": 959193}], "hit_comment": "", "annotations_truth": {"kpts_relative_depth": [11, 9, 4, 3, 8, 7, 6, 2, 5, 12, 1, 10, 0], "i_id": 233562, "s_id": 9, "a_id": 15, "kpts_depth": [5321.41298170469, 5219.1923649817145, 5181.883708133753, 5154.328942061356, 5135.093100890385, 5183.968426488668, 5171.557857438951, 5169.879697514042, 5164.7435781318145, 5126.252614442106, 5278.854554497885, 5008.82691878745, 5189.388831205403], "kpts_2d": [109, 21, 84, 56, 128, 53, 70, 92, 152, 84, 79, 122, 172, 109, 93, 113, 125, 109, 97, 175, 127, 166, 103, 235, 126, 225], "id": 233562, "kpts_3d": [-264.99174975933295, 5321.41298170469, 187.9288447905085, -443.88945091993435, 5219.1923649817145, -84.45242849425108, -111.92342970996373, 5181.883708133753, -52.56787288778037, -533.5755750278498, 5154.328942061356, -360.11007034289344, 79.39642804053305, 5135.093100890385, -274.1606324809735, -461.73296726952196, 5183.968426488668, -596.82327376291, 241.1954628444374, 5171.557857438951, -459.55856630543377, -354.79355996045064, 5169.879697514042, -520.5443718288632, -110.34619906071997, 5164.7435781318145, -477.91682173683495, -313.43515020004037, 5126.252614442106, -988.1768766493947, -82.44364130144251, 5278.854554497885, -934.7955062289792, -240.8823621137758, 5008.82691878745, -1435.667992696328, -69.49826524106815, 5189.388831205403, -1393.0195797938763]}, "human_subj_ids": [69733, 233562, 277159, 261402, 959193], "worker_id": "A306D1M7TVAX3B", "hit_it": 456718, "gui_rating": 10, "response_time": 86931}, {"images_truth": {"c_id": 54138969, "s_id": 9, "frame": 2200, "height": 256, "width": 256, "R": [[-0.9033486204435297, 0.04153061098352977, -0.42689164701842836], [0.4269119782787646, 0.182951140059007, -0.8855930460167476], [0.04132109321984796, -0.9822444139329296, -0.18299857527497945]], "video": "Directions 1.54138969.mp4", "filename": "human36m_train_0000233562.jpg", "id": 233562}, "worker_exp": 61, "hit_id": 1, "assignment_id": "37Q970SNZFLBKYGNDLRMGMXM51A1SN", "trials": [{"img_id": 233562, "depth": {"keypoint_comparisons_unsure": [], "keypoint_comparisons_res": {"7,12": 1, "3,8": 1, "8,10": -1, "6,11": -1, "2,8": 1}}, "response_time": 13318, "human_subj_id": 233562}, {"img_id": 69733, "depth": {"keypoint_comparisons_unsure": [], "keypoint_comparisons_res": {"2,11": 1, "1,5": 1, "0,10": 1, "5,9": -1, "9,13": 1}}, "response_time": 15900, "human_subj_id": 69733}, {"img_id": 261402, "depth": {"keypoint_comparisons_unsure": [], "keypoint_comparisons_res": {"2,5": -1, "6,9": 1, "0,11": 1, "5,6": 1, "4,5": -1}}, "response_time": 35357, "human_subj_id": 261402}, {"img_id": 277159, "depth": {"keypoint_comparisons_unsure": [], "keypoint_comparisons_res": {"5,13": 1, "2,13": 1, "2,12": 1, "2,8": 1, "3,9": 1}}, "response_time": 15133, "human_subj_id": 277159}, {"img_id": 959193, "depth": {"keypoint_comparisons_unsure": [], "keypoint_comparisons_res": {"9,10": 1, "7,8": 1, "2,9": -1, "5,7": -1, "9,11": 1}}, "response_time": 13223, "human_subj_id": 959193}], "hit_comment": "", "annotations_truth": {"kpts_relative_depth": [11, 9, 4, 3, 8, 7, 6, 2, 5, 12, 1, 10, 0], "i_id": 233562, "s_id": 9, "a_id": 15, "kpts_depth": [5321.41298170469, 5219.1923649817145, 5181.883708133753, 5154.328942061356, 5135.093100890385, 5183.968426488668, 5171.557857438951, 5169.879697514042, 5164.7435781318145, 5126.252614442106, 5278.854554497885, 5008.82691878745, 5189.388831205403], "kpts_2d": [109, 21, 84, 56, 128, 53, 70, 92, 152, 84, 79, 122, 172, 109, 93, 113, 125, 109, 97, 175, 127, 166, 103, 235, 126, 225], "id": 233562, "kpts_3d": [-264.99174975933295, 5321.41298170469, 187.9288447905085, -443.88945091993435, 5219.1923649817145, -84.45242849425108, -111.92342970996373, 5181.883708133753, -52.56787288778037, -533.5755750278498, 5154.328942061356, -360.11007034289344, 79.39642804053305, 5135.093100890385, -274.1606324809735, -461.73296726952196, 5183.968426488668, -596.82327376291, 241.1954628444374, 5171.557857438951, -459.55856630543377, -354.79355996045064, 5169.879697514042, -520.5443718288632, -110.34619906071997, 5164.7435781318145, -477.91682173683495, -313.43515020004037, 5126.252614442106, -988.1768766493947, -82.44364130144251, 5278.854554497885, -934.7955062289792, -240.8823621137758, 5008.82691878745, -1435.667992696328, -69.49826524106815, 5189.388831205403, -1393.0195797938763]}, "human_subj_ids": [69733, 233562, 277159, 261402, 959193], "worker_id": "A23KIPO69G5IKA", "hit_it": 211293, "gui_rating": 9, "response_time": 98605}, {"images_truth": {"c_id": 54138969, "s_id": 9, "frame": 2200, "height": 256, "width": 256, "R": [[-0.9033486204435297, 0.04153061098352977, -0.42689164701842836], [0.4269119782787646, 0.182951140059007, -0.8855930460167476], [0.04132109321984796, -0.9822444139329296, -0.18299857527497945]], "video": "Directions 1.54138969.mp4", "filename": "human36m_train_0000233562.jpg", "id": 233562}, "worker_exp": 1, "hit_id": 1, "assignment_id": "3YZ8UPK3VUZBMEIPINB6CJY1UXWUC0", "trials": [{"img_id": 233562, "depth": {"keypoint_comparisons_unsure": [], "keypoint_comparisons_res": {"7,12": 1, "3,8": 1, "8,10": -1, "6,11": -1, "2,8": 1}}, "response_time": 29516, "human_subj_id": 233562}, {"img_id": 69733, "depth": {"keypoint_comparisons_unsure": [], "keypoint_comparisons_res": {"2,11": 1, "1,5": 1, "0,10": 1, "5,9": -1, "9,13": 1}}, "response_time": 28741, "human_subj_id": 69733}, {"img_id": 261402, "depth": {"keypoint_comparisons_unsure": [], "keypoint_comparisons_res": {"2,5": -1, "6,9": 1, "0,11": -1, "5,6": -1, "4,5": 1}}, "response_time": 45466, "human_subj_id": 261402}, {"img_id": 277159, "depth": {"keypoint_comparisons_unsure": [], "keypoint_comparisons_res": {"5,13": -1, "2,13": 1, "2,12": -1, "2,8": 1, "3,9": 1}}, "response_time": 35249, "human_subj_id": 277159}, {"img_id": 959193, "depth": {"keypoint_comparisons_unsure": [], "keypoint_comparisons_res": {"9,10": 1, "7,8": 1, "2,9": -1, "5,7": -1, "9,11": 1}}, "response_time": 29415, "human_subj_id": 959193}], "hit_comment": "", "annotations_truth": {"kpts_relative_depth": [11, 9, 4, 3, 8, 7, 6, 2, 5, 12, 1, 10, 0], "i_id": 233562, "s_id": 9, "a_id": 15, "kpts_depth": [5321.41298170469, 5219.1923649817145, 5181.883708133753, 5154.328942061356, 5135.093100890385, 5183.968426488668, 5171.557857438951, 5169.879697514042, 5164.7435781318145, 5126.252614442106, 5278.854554497885, 5008.82691878745, 5189.388831205403], "kpts_2d": [109, 21, 84, 56, 128, 53, 70, 92, 152, 84, 79, 122, 172, 109, 93, 113, 125, 109, 97, 175, 127, 166, 103, 235, 126, 225], "id": 233562, "kpts_3d": [-264.99174975933295, 5321.41298170469, 187.9288447905085, -443.88945091993435, 5219.1923649817145, -84.45242849425108, -111.92342970996373, 5181.883708133753, -52.56787288778037, -533.5755750278498, 5154.328942061356, -360.11007034289344, 79.39642804053305, 5135.093100890385, -274.1606324809735, -461.73296726952196, 5183.968426488668, -596.82327376291, 241.1954628444374, 5171.557857438951, -459.55856630543377, -354.79355996045064, 5169.879697514042, -520.5443718288632, -110.34619906071997, 5164.7435781318145, -477.91682173683495, -313.43515020004037, 5126.252614442106, -988.1768766493947, -82.44364130144251, 5278.854554497885, -934.7955062289792, -240.8823621137758, 5008.82691878745, -1435.667992696328, -69.49826524106815, 5189.388831205403, -1393.0195797938763]}, "human_subj_ids": [69733, 233562, 277159, 261402, 959193], "worker_id": "A2FSQBC1OU8WN8", "hit_it": 4918, "gui_rating": 10, "response_time": 178230}, {"images_truth": {"c_id": 54138969, "s_id": 1, "frame": 200, "height": 256, "width": 256, "R": [[-0.9153617321513369, 0.051548117060134555, -0.39931903403226204], [0.40180836633680234, 0.1803735689384521, -0.8977836111057917], [0.02574754463350265, -0.9822464900705729, -0.185819527201491]], "video": "Smoking.54138969.mp4", "filename": "human36m_train_0000503902.jpg", "id": 503902}, "worker_exp": 3, "hit_id": 3, "assignment_id": "3AAPLD8UCDUN39EG4AZXIE9FO7SHTV", "trials": [{"img_id": 503902, "depth": {"keypoint_comparisons_unsure": [], "keypoint_comparisons_res": {"1,6": -1, "2,6": -1, "2,9": 1, "2,3": 1, "5,13": 1}}, "response_time": 14508, "human_subj_id": 503902}, {"img_id": 773288, "depth": {"keypoint_comparisons_unsure": [], "keypoint_comparisons_res": {"8,12": -1, "8,11": -1, "2,9": 1, "12,13": -1, "1,12": -1}}, "response_time": 27013, "human_subj_id": 773288}, {"img_id": 23783, "depth": {"keypoint_comparisons_unsure": [], "keypoint_comparisons_res": {"9,10": -1, "3,5": -1, "2,7": -1, "5,6": -1, "10,12": 1}}, "response_time": 14457, "human_subj_id": 23783}, {"img_id": 359302, "depth": {"keypoint_comparisons_unsure": [], "keypoint_comparisons_res": {"6,8": -1, "5,13": 1, "4,8": 1, "0,3": -1, "3,5": -1}}, "response_time": 17649, "human_subj_id": 359302}, {"img_id": 50925, "depth": {"keypoint_comparisons_unsure": [], "keypoint_comparisons_res": {"5,9": 1, "11,12": 1, "11,13": -1, "3,8": 1, "9,13": 1}}, "response_time": 12430, "human_subj_id": 50925}], "hit_comment": "", "annotations_truth": {"kpts_relative_depth": [11, 1, 9, 2, 12, 7, 0, 3, 10, 4, 8, 5, 6], "i_id": 503902, "s_id": 1, "a_id": 26, "kpts_depth": [5416.271853152308, 5347.520999792795, 5396.437348697923, 5455.314149915932, 5480.967764052565, 5656.501604415726, 5700.744542832827, 5398.7786891050455, 5485.722738020029, 5395.543594979924, 5458.34826679335, 5335.717858275633, 5397.725839004788], "kpts_2d": [137, 21, 112, 54, 150, 57, 100, 86, 156, 93, 122, 78, 141, 87, 108, 114, 142, 111, 108, 174, 139, 170, 109, 234, 140, 230], "id": 503902, "kpts_3d": [-245.2874184664064, 5416.271853152308, 46.84330359984199, -413.19698320139855, 5347.520999792795, -191.86299760070108, -141.6030888356267, 5396.437348697923, -211.4320382779007, -506.05761575184243, 5455.314149915932, -431.5034359846735, -98.83566001216634, 5480.967764052565, -473.71920134884056, -362.1696579235191, 5656.501604415726, -386.4605259555941, -219.4810558986121, 5700.744542832827, -450.206312109647, -443.8752063605566, 5398.7786891050455, -631.9805908756867, -193.29484787246975, 5485.722738020029, -612.4558297183548, -432.4921259040041, 5395.543594979924, -1073.9375567053037, -210.94112037962262, 5458.34826679335, -1053.6465451597194, -422.8861478688969, 5335.717858275633, -1524.5744464666482, -190.36887390302567, 5397.725839004788, -1502.832145912823]}, "human_subj_ids": [773288, 503902, 359302, 23783, 50925], "worker_id": "A23KIPO69G5IKA", "hit_it": 6819, "gui_rating": 9, "response_time": 90384}, {"images_truth": {"c_id": 54138969, "s_id": 1, "frame": 200, "height": 256, "width": 256, "R": [[-0.9153617321513369, 0.051548117060134555, -0.39931903403226204], [0.40180836633680234, 0.1803735689384521, -0.8977836111057917], [0.02574754463350265, -0.9822464900705729, -0.185819527201491]], "video": "Smoking.54138969.mp4", "filename": "human36m_train_0000503902.jpg", "id": 503902}, "worker_exp": 4, "hit_id": 3, "assignment_id": "3JWH6J9I9TQFHJ6A7M3PN40P4C3BNA", "trials": [{"img_id": 503902, "depth": {"keypoint_comparisons_unsure": [], "keypoint_comparisons_res": {"1,6": -1, "2,6": -1, "2,9": -1, "2,3": -1, "5,13": 1}}, "response_time": 52938, "human_subj_id": 503902}, {"img_id": 773288, "depth": {"keypoint_comparisons_unsure": [], "keypoint_comparisons_res": {"8,12": -1, "8,11": 1, "2,9": 1, "12,13": 1, "1,12": -1}}, "response_time": 30826, "human_subj_id": 773288}, {"img_id": 23783, "depth": {"keypoint_comparisons_unsure": [], "keypoint_comparisons_res": {"9,10": -1, "3,5": 1, "2,7": 1, "5,6": -1, "10,12": 1}}, "response_time": 67857, "human_subj_id": 23783}, {"img_id": 359302, "depth": {"keypoint_comparisons_unsure": [], "keypoint_comparisons_res": {"6,8": -1, "5,13": 1, "4,8": 1, "0,3": -1, "3,5": 1}}, "response_time": 39214, "human_subj_id": 359302}, {"img_id": 50925, "depth": {"keypoint_comparisons_unsure": [], "keypoint_comparisons_res": {"5,9": 1, "11,12": -1, "11,13": 1, "3,8": 1, "9,13": 1}}, "response_time": 60904, "human_subj_id": 50925}], "hit_comment": "", "annotations_truth": {"kpts_relative_depth": [11, 1, 9, 2, 12, 7, 0, 3, 10, 4, 8, 5, 6], "i_id": 503902, "s_id": 1, "a_id": 26, "kpts_depth": [5416.271853152308, 5347.520999792795, 5396.437348697923, 5455.314149915932, 5480.967764052565, 5656.501604415726, 5700.744542832827, 5398.7786891050455, 5485.722738020029, 5395.543594979924, 5458.34826679335, 5335.717858275633, 5397.725839004788], "kpts_2d": [137, 21, 112, 54, 150, 57, 100, 86, 156, 93, 122, 78, 141, 87, 108, 114, 142, 111, 108, 174, 139, 170, 109, 234, 140, 230], "id": 503902, "kpts_3d": [-245.2874184664064, 5416.271853152308, 46.84330359984199, -413.19698320139855, 5347.520999792795, -191.86299760070108, -141.6030888356267, 5396.437348697923, -211.4320382779007, -506.05761575184243, 5455.314149915932, -431.5034359846735, -98.83566001216634, 5480.967764052565, -473.71920134884056, -362.1696579235191, 5656.501604415726, -386.4605259555941, -219.4810558986121, 5700.744542832827, -450.206312109647, -443.8752063605566, 5398.7786891050455, -631.9805908756867, -193.29484787246975, 5485.722738020029, -612.4558297183548, -432.4921259040041, 5395.543594979924, -1073.9375567053037, -210.94112037962262, 5458.34826679335, -1053.6465451597194, -422.8861478688969, 5335.717858275633, -1524.5744464666482, -190.36887390302567, 5397.725839004788, -1502.832145912823]}, "human_subj_ids": [773288, 503902, 359302, 23783, 50925], "worker_id": "A2BXQ8SZLFQF4D", "hit_it": 25936, "gui_rating": 8, "response_time": 262889}, {"images_truth": {"c_id": 55011271, "s_id": 5, "frame": 2040, "height": 256, "width": 256, "R": [[0.9222116004775194, 0.09333184463870337, -0.37525315551108823], [0.38649075753002626, -0.19167233853095322, 0.902156643264318], [0.012274293810989732, -0.9770111982052265, -0.21283434941998647]], "video": "Directions 2.55011271.mp4", "filename": "human36m_train_0000773288.jpg", "id": 773288}, "worker_exp": 0, "hit_id": 3, "assignment_id": "3DEL4X4EL7YG6LDPJK4ITHPORZXYXY", "trials": [{"img_id": 773288, "depth": {"keypoint_comparisons_unsure": [], "keypoint_comparisons_res": {"8,12": -1, "8,11": -1, "2,9": 1, "12,13": 1, "1,12": -1}}, "response_time": 63881, "human_subj_id": 773288}, {"img_id": 359302, "depth": {"keypoint_comparisons_unsure": [], "keypoint_comparisons_res": {"6,8": 1, "5,13": 1, "4,8": 1, "0,3": -1, "3,5": 1}}, "response_time": 32649, "human_subj_id": 359302}, {"img_id": 503902, "depth": {"keypoint_comparisons_unsure": [], "keypoint_comparisons_res": {"1,6": -1, "2,6": -1, "2,9": 1, "2,3": -1, "5,13": -1}}, "response_time": 31426, "human_subj_id": 503902}, {"img_id": 50925, "depth": {"keypoint_comparisons_unsure": [], "keypoint_comparisons_res": {"5,9": 1, "11,12": 1, "11,13": 1, "3,8": 1, "9,13": 1}}, "response_time": 30711, "human_subj_id": 50925}, {"img_id": 23783, "depth": {"keypoint_comparisons_unsure": [], "keypoint_comparisons_res": {"9,10": -1, "3,5": 1, "2,7": 1, "5,6": -1, "10,12": -1}}, "response_time": 37722, "human_subj_id": 23783}], "hit_comment": "", "annotations_truth": {"kpts_relative_depth": [5, 9, 0, 7, 8, 10, 2, 1, 12, 6, 4, 3, 11], "i_id": 773288, "s_id": 5, "a_id": 42, "kpts_depth": [5717.38127734514, 5787.127302063739, 5771.668279431435, 5822.162490761356, 5804.228318912282, 5622.186481713633, 5795.527811434686, 5718.374604993261, 5724.770251318206, 5667.296601509065, 5726.329143978265, 5825.8965345315355, 5789.318696018039], "kpts_2d": [127, 21, 149, 54, 113, 53, 165, 87, 84, 75, 148, 103, 109, 100, 146, 115, 112, 107, 156, 175, 120, 167, 172, 223, 128, 224], "id": 773288, "kpts_3d": [-154.97138171482038, 5717.38127734514, -84.75376282298112, -3.107813222654472, 5787.127302063739, -317.11974269262066, -253.2559370735266, 5771.668279431435, -306.58718587375597, 116.75328907758363, 5822.162490761356, -549.4812104713689, -459.2688833092012, 5804.228318912282, -469.7389857789451, -1.177060221865044, 5622.186481713633, -637.3505937596028, -282.11951483231945, 5795.527811434686, -643.7631289829109, -18.96371130394582, 5718.374604993261, -736.3126065889073, -251.59492760090626, 5724.770251318206, -686.3144775010798, 62.15753228126356, 5667.296601509065, -1153.0479919346412, -194.38138098006957, 5726.329143978265, -1110.716621624716, 185.99452148167634, 5825.8965345315355, -1546.3627022507499, -140.05360000187963, 5789.318696018039, -1544.4432735010037]}, "human_subj_ids": [773288, 503902, 359302, 23783, 50925], "worker_id": "ACSTAXXYMBC8W", "hit_it": 25065, "gui_rating": 5, "response_time": 307945}, {"images_truth": {"c_id": 54138969, "s_id": 1, "frame": 200, "height": 256, "width": 256, "R": [[-0.9153617321513369, 0.051548117060134555, -0.39931903403226204], [0.40180836633680234, 0.1803735689384521, -0.8977836111057917], [0.02574754463350265, -0.9822464900705729, -0.185819527201491]], "video": "Smoking.54138969.mp4", "filename": "human36m_train_0000503902.jpg", "id": 503902}, "worker_exp": 3, "hit_id": 3, "assignment_id": "34BBWHLWHBOFRLTU5XMT5AHTSFRWIX", "trials": [{"img_id": 503902, "depth": {"keypoint_comparisons_unsure": [], "keypoint_comparisons_res": {"1,6": -1, "2,6": -1, "2,9": -1, "2,3": -1, "5,13": -1}}, "response_time": 19494, "human_subj_id": 503902}, {"img_id": 773288, "depth": {"keypoint_comparisons_unsure": [], "keypoint_comparisons_res": {"8,12": -1, "8,11": -1, "2,9": -1, "12,13": -1, "1,12": -1}}, "response_time": 28990, "human_subj_id": 773288}, {"img_id": 23783, "depth": {"keypoint_comparisons_unsure": [], "keypoint_comparisons_res": {"9,10": -1, "3,5": -1, "2,7": -1, "5,6": -1, "10,12": -1}}, "response_time": 44401, "human_subj_id": 23783}, {"img_id": 359302, "depth": {"keypoint_comparisons_unsure": [], "keypoint_comparisons_res": {"6,8": -1, "5,13": -1, "4,8": -1, "0,3": -1, "3,5": -1}}, "response_time": 15185, "human_subj_id": 359302}, {"img_id": 50925, "depth": {"keypoint_comparisons_unsure": [], "k